    -34.650      5.476    -52.642   -999.900   -999.900     58.118      0.000    -34.650    -34.650      5.476    -53.450   -999.900   -999.900
    -39.650      0.936    -55.441   -999.900   -999.900     56.377      0.000    -39.650    -39.650      0.936    -57.138   -999.900   -999.900
    -44.650     -3.941    -56.326   -999.900   -999.900     52.385      0.000    -44.650    -44.650     -3.941    -58.520   -999.900   -999.900
    -49.650     -8.688    -56.495   -999.900   -999.900     47.807      0.000    -49.650    -49.650     -8.688    -58.804   -999.900   -999.900
    -54.650    -13.643    -57.529   -999.900   -999.900     43.887      0.000    -54.650    -54.650    -13.643    -60.745   -999.900   -999.900
    -59.650    -18.490    -57.879   -999.900   -999.900     39.389      0.000    -59.650    -59.650    -18.491    -61.514   -999.900   -999.900
    -64.650    -23.235    -57.287   -999.900   -999.900     34.052      0.000    -64.650    -64.650    -23.236    -60.252   -999.900   -999.900
    -69.650    -28.137    -59.368   -999.900   -999.900     31.231      0.000    -69.650    -69.650    -28.139    -66.332   -999.900   -999.900
    -74.650    -33.070    -59.316   -999.900   -999.900     26.247      0.000    -74.650    -74.650    -33.078    -66.082   -999.900   -999.900
    -80.700    -39.455    -60.024   -999.900   -999.900     20.569      0.000    -80.700    -80.700    -39.493    -71.515   -999.900   -999.900
    -85.700    -44.195    -60.639   -999.900   -999.900     16.444      0.000    -85.700    -85.700    -44.308    -71.515   -999.900   -999.900
    -90.700    -48.740    -60.857   -999.900   -999.900     12.116      0.000    -90.700    -90.700    -49.072    -71.515   -999.900   -999.900
    -95.700    -53.002    -60.350   -999.900   -999.900      7.348      0.000    -95.700    -95.700    -53.949    -71.515   -999.900   -999.900
   -100.700    -56.373    -61.093   -999.900   -999.900      4.720      0.000   -100.700   -100.700    -58.783    -71.515   -999.900   -999.900
   -105.700    -58.616    -60.558   -999.900   -999.900      1.943      0.000   -105.700   -105.700    -64.045    -71.515   -999.900   -999.900
   -110.700    -59.675    -60.294   -999.900   -999.900      0.619      0.000   -110.700   -110.700    -70.166    -71.515   -999.900   -999.900
   -115.700    -60.027    -60.496   -999.900   -999.900      0.470      0.000   -115.700   -115.700    -79.064    -71.515   -999.900   -999.900
   -115.700    -60.030    -60.199   -999.900   -999.900      0.169      0.000   -115.700   -115.700    -79.344    -71.515   -999.900   -999.900
   -120.700    -60.082    -60.029   -999.900   -999.900     -0.053      0.000   -120.700   -120.700    -79.344    -71.515   -999.900   -999.900
   -125.700    -60.100    -60.014   -999.900   -999.900     -0.086      0.000   -125.700   -125.700    -79.344    -71.515   -999.900   -999.900
   -130.700    -60.169    -61.063   -999.900   -999.900      0.895      0.000   -130.700   -130.700    -79.344    -71.515   -999.900   -999.900
