    -34.000    -52.797      9.169   -999.900   -999.900    -61.966      0.000    -34.000    -34.000    -54.899      9.169   -999.900   -999.900
    -39.000    -55.527      7.176   -999.900   -999.900    -62.703      0.000    -39.000    -39.000    -61.045      7.176   -999.900   -999.900
    -44.000    -56.496      3.041   -999.900   -999.900    -59.536      0.000    -44.000    -44.000    -66.460      3.041   -999.900   -999.900
    -49.000    -56.922     -1.746   -999.900   -999.900    -55.176      0.000    -49.000    -49.000    -77.806     -1.746   -999.900   -999.900
    -54.000    -57.158     -6.543   -999.900   -999.900    -50.616      0.000    -54.000    -54.000    -77.806     -6.543   -999.900   -999.900
    -59.000    -57.134    -11.366   -999.900   -999.900    -45.768      0.000    -59.000    -59.000    -77.806    -11.366   -999.900   -999.900
    -64.000    -57.232    -16.273   -999.900   -999.900    -40.959      0.000    -64.000    -64.000    -77.806    -16.273   -999.900   -999.900
    -69.000    -57.262    -21.220   -999.900   -999.900    -36.041      0.000    -69.000    -69.000    -77.806    -21.221   -999.900   -999.900
    -74.000    -57.269    -26.112   -999.900   -999.900    -31.157      0.000    -74.000    -74.000    -77.806    -26.114   -999.900   -999.900
    -79.000    -57.452    -30.696   -999.900   -999.900    -26.756      0.000    -79.000    -79.000    -77.806    -30.703   -999.900   -999.900
    -84.000    -57.031    -35.635   -999.900   -999.900    -21.396      0.000    -84.000    -84.000    -77.806    -35.658   -999.900   -999.900
    -89.000    -56.953    -40.544   -999.900   -999.900    -16.410      0.000    -89.000    -89.000    -77.806    -40.616   -999.900   -999.900
    -94.000    -56.986    -45.292   -999.900   -999.900    -11.694      0.000    -94.000    -94.000    -77.806    -45.511   -999.900   -999.900
    -99.000    -57.031    -49.792   -999.900   -999.900     -7.239      0.000    -99.000    -99.000    -77.806    -50.441   -999.900   -999.900
   -104.000    -57.002    -53.628   -999.900   -999.900     -3.374      0.000   -104.000   -104.000    -77.806    -55.406   -999.900   -999.900
   -109.000    -56.937    -56.397   -999.900   -999.900     -0.541      0.000   -109.000   -109.000    -77.806    -60.779   -999.900   -999.900
   -114.000    -56.948    -57.820   -999.900   -999.900      0.872      0.000   -114.000   -114.000    -77.806    -67.095   -999.900   -999.900
   -119.000    -56.948    -58.477   -999.900   -999.900      1.529      0.000   -119.000   -119.000    -77.806    -67.095   -999.900   -999.900
   -124.000    -56.955    -58.473   -999.900   -999.900      1.518      0.000   -124.000   -124.000    -77.806    -67.095   -999.900   -999.900
   -129.000    -56.965    -58.476   -999.900   -999.900      1.511      0.000   -129.000   -129.000    -77.806    -67.095   -999.900   -999.900
   -134.000    -56.960    -58.473   -999.900   -999.900      1.513      0.000   -134.000   -134.000    -77.806    -67.095   -999.900   -999.900
   -139.000    -56.967    -58.518   -999.900   -999.900      1.551      0.000   -139.000   -139.000    -77.806    -67.095   -999.900   -999.900
