    -34.650      5.441    -50.262   -999.900   -999.900     55.703      0.000    -34.650    -34.650      5.441    -50.698   -999.900   -999.900
    -39.650      0.911    -53.223   -999.900   -999.900     54.133      0.000    -39.650    -39.650      0.911    -54.133   -999.900   -999.900
    -44.650     -3.835    -53.859   -999.900   -999.900     50.024      0.000    -44.650    -44.650     -3.835    -54.931   -999.900   -999.900
    -49.650     -8.609    -56.000   -999.900   -999.900     47.391      0.000    -49.650    -49.650     -8.609    -57.928   -999.900   -999.900
    -54.650    -13.488    -56.262   -999.900   -999.900     42.774      0.000    -54.650    -54.650    -13.488    -58.342   -999.900   -999.900
    -59.650    -18.364    -57.206   -999.900   -999.900     38.841      0.000    -59.650    -59.650    -18.365    -59.989   -999.900   -999.900
    -64.650    -23.302    -58.038   -999.900   -999.900     34.736      0.000    -64.650    -64.650    -23.303    -61.734   -999.900   -999.900
    -69.650    -28.230    -58.192   -999.900   -999.900     29.962      0.000    -69.650    -69.650    -28.233    -62.103   -999.900   -999.900
    -74.650    -33.046    -57.449   -999.900   -999.900     24.403      0.000    -74.650    -74.650    -33.055    -60.462   -999.900   -999.900
    -80.700    -39.373    -60.273   -999.900   -999.900     20.899      0.000    -80.700    -80.700    -39.411    -74.095   -999.900   -999.900
    -85.700    -44.225    -60.761   -999.900   -999.900     16.536      0.000    -85.700    -85.700    -44.340    -74.095   -999.900   -999.900
    -90.700    -49.062    -60.552   -999.900   -999.900     11.490      0.000    -90.700    -90.700    -49.425    -74.095   -999.900   -999.900
    -95.700    -53.698    -60.740   -999.900   -999.900      7.041      0.000    -95.700    -95.700    -54.850    -74.095   -999.900   -999.900
   -100.700    -57.227    -60.823   -999.900   -999.900      3.597      0.000   -100.700   -100.700    -60.457    -74.095   -999.900   -999.900
   -105.700    -59.246    -61.112   -999.900   -999.900      1.865      0.000   -105.700   -105.700    -67.082    -74.095   -999.900   -999.900
   -110.700    -59.961    -60.335   -999.900   -999.900      0.374      0.000   -110.700   -110.700    -78.178    -74.095   -999.900   -999.900
   -115.700    -59.966    -59.700   -999.900   -999.900     -0.266      0.000   -115.700   -115.700    -78.503    -74.095   -999.900   -999.900
   -115.700    -59.894    -59.927   -999.900   -999.900      0.032      0.000   -115.700   -115.700    -75.100    -74.095   -999.900   -999.900
   -120.700    -60.036    -60.625   -999.900   -999.900      0.589      0.000   -120.700   -120.700    -75.100    -74.095   -999.900   -999.900
   -125.700    -60.117    -61.133   -999.900   -999.900      1.016      0.000   -125.700   -125.700    -75.100    -74.095   -999.900   -999.900
   -130.700    -60.127    -61.100   -999.900   -999.900      0.973      0.000   -130.700   -130.700    -75.100    -74.095   -999.900   -999.900
