     16.000     13.617    -65.726   -999.900   -999.900     79.343      0.000     16.000     16.000     13.617    -66.842   -999.900   -999.900
     14.000     13.081    -67.012   -999.900   -999.900     80.092      0.000     14.000     14.000     13.081    -68.589   -999.900   -999.900
     12.000     12.066    -69.771   -999.900   -999.900     81.837      0.000     12.000     12.000     12.066    -73.487   -999.900   -999.900
     10.000     10.056    -71.107   -999.900   -999.900     81.163      0.000     10.000     10.000     10.056    -77.723   -999.900   -999.900
      8.000      8.037    -71.580   -999.900   -999.900     79.617      0.000      8.000      8.000      8.037    -80.507   -999.900   -999.900
      6.000      6.027    -71.699   -999.900   -999.900     77.725      0.000      6.000      6.000      6.027    -81.538   -999.900   -999.900
      4.000      4.078    -71.761   -999.900   -999.900     75.839      0.000      4.000      4.000      4.078    -82.181   -999.900   -999.900
      2.000      2.063    -71.800   -999.900   -999.900     73.863      0.000      2.000      2.000      2.063    -82.630   -999.900   -999.900
      0.000      0.057    -71.998   -999.900   -999.900     72.055      0.000      0.000      0.000      0.057    -85.998   -999.900   -999.900
     -2.000     -1.945    -71.936   -999.900   -999.900     69.991      0.000     -2.000     -2.000     -1.945    -84.658   -999.900   -999.900
     -4.000     -3.942    -71.960   -999.900   -999.900     68.018      0.000     -4.000     -4.000     -3.942    -85.130   -999.900   -999.900
     -6.000     -5.919    -71.957   -999.900   -999.900     66.038      0.000     -6.000     -6.000     -5.919    -85.072   -999.900   -999.900
     -8.000     -7.931    -71.942   -999.900   -999.900     64.010      0.000     -8.000     -8.000     -7.931    -84.764   -999.900   -999.900
    -10.000     -9.945    -71.916   -999.900   -999.900     61.971      0.000    -10.000    -10.000     -9.945    -84.298   -999.900   -999.900
    -12.000    -11.956    -71.888   -999.900   -999.900     59.932      0.000    -12.000    -12.000    -11.956    -83.837   -999.900   -999.900
    -14.000    -13.964    -71.905   -999.900   -999.900     57.941      0.000    -14.000    -14.000    -13.964    -84.105   -999.900   -999.900
    -16.000    -15.977    -71.878   -999.900   -999.900     55.902      0.000    -16.000    -16.000    -15.977    -83.691   -999.900   -999.900
    -18.000    -18.010    -71.855   -999.900   -999.900     53.846      0.000    -18.000    -18.000    -18.010    -83.352   -999.900   -999.900
    -20.000    -20.034    -71.907   -999.900   -999.900     51.873      0.000    -20.000    -20.000    -20.034    -84.139   -999.900   -999.900
    -22.000    -22.047    -71.918   -999.900   -999.900     49.871      0.000    -22.000    -22.000    -22.048    -84.337   -999.900   -999.900
    -24.000    -24.072    -71.813   -999.900   -999.900     47.741      0.000    -24.000    -24.000    -24.072    -82.789   -999.900   -999.900
    -26.000    -26.073    -71.723   -999.900   -999.900     45.650      0.000    -26.000    -26.000    -26.073    -81.778   -999.900   -999.900
    -28.000    -28.039    -71.756   -999.900   -999.900     43.717      0.000    -28.000    -28.000    -28.040    -82.122   -999.900   -999.900
    -30.000    -30.016    -71.515   -999.900   -999.900     41.499      0.000    -30.000    -30.000    -30.017    -80.027   -999.900   -999.900
    -32.000    -32.021    -71.434   -999.900   -999.900     39.413      0.000    -32.000    -32.000    -32.022    -79.484   -999.900   -999.900
    -34.000    -33.918    -71.989   -999.900   -999.900     38.071      0.000    -34.000    -34.000    -33.919    -85.772   -999.900   -999.900
    -36.000    -35.871    -72.144   -999.900   -999.900     36.273      0.000    -36.000    -36.000    -35.873    -93.768   -999.900   -999.900
    -38.000    -37.870    -72.152   -999.900   -999.900     34.281      0.000    -38.000    -38.000    -37.874    -94.978   -999.900   -999.900
    -40.000    -39.756    -72.134   -999.900   -999.900     32.378      0.000    -40.000    -40.000    -39.762    -92.466   -999.900   -999.900
    -42.000    -41.806    -72.157   -999.900   -999.900     30.350      0.000    -42.000    -42.000    -41.815    -96.072   -999.900   -999.900
    -44.000    -43.881    -72.146   -999.900   -999.900     28.265      0.000    -44.000    -44.000    -43.895    -94.003   -999.900   -999.900
    -46.000    -45.874    -72.145   -999.900   -999.900     26.270      0.000    -46.000    -46.000    -45.897    -93.828   -999.900   -999.900
    -48.000    -47.756    -72.162   -999.900   -999.900     24.406      0.000    -48.000    -48.000    -47.790    -97.632   -999.900   -999.900
    -50.000    -49.595    -72.165   -999.900   -999.900     22.571      0.000    -50.000    -50.000    -49.647    -98.888   -999.900   -999.900
    -52.000    -51.428    -72.174   -999.900   -999.900     20.746      0.000    -52.000    -52.000    -51.509   -116.505   -999.900   -999.900
    -54.000    -53.276    -72.174   -999.900   -999.900     18.898      0.000    -54.000    -54.000    -53.400   -110.100   -999.900   -999.900
    -56.000    -55.140    -72.165   -999.900   -999.900     17.025      0.000    -56.000    -56.000    -55.333    -98.814   -999.900   -999.900
    -58.000    -57.009    -72.166   -999.900   -999.900     15.156      0.000    -58.000    -58.000    -57.309    -99.196   -999.900   -999.900
    -60.000    -58.821    -72.165   -999.900   -999.900     13.344      0.000    -60.000    -60.000    -59.284    -98.819   -999.900   -999.900
    -62.000    -60.591    -72.173   -999.900   -999.900     11.581      0.000    -62.000    -62.000    -61.308   -106.210   -999.900   -999.900
    -64.000    -62.249    -72.179   -999.900   -999.900      9.930      0.000    -64.000    -64.000    -63.343   -106.210   -999.900   -999.900
    -66.000    -63.790    -72.188   -999.900   -999.900      8.398      0.000    -66.000    -66.000    -65.449   -106.210   -999.900   -999.900
    -68.000    -65.151    -72.188   -999.900   -999.900      7.037      0.000    -68.000    -68.000    -67.625   -106.210   -999.900   -999.900
    -70.000    -66.316    -72.169   -999.900   -999.900      5.853      0.000    -70.000    -70.000    -69.961   -106.210   -999.900   -999.900
    -72.000    -67.244    -72.172   -999.900   -999.900      4.928      0.000    -72.000    -72.000    -72.521   -106.210   -999.900   -999.900
    -74.000    -67.960    -72.179   -999.900   -999.900      4.218      0.000    -74.000    -74.000    -75.642   -106.210   -999.900   -999.900
    -76.000    -68.507    -72.174   -999.900   -999.900      3.667      0.000    -76.000    -76.000    -80.783   -106.210   -999.900   -999.900
    -78.000    -68.867    -72.177   -999.900   -999.900      3.310      0.000    -78.000    -78.000    -80.783   -106.210   -999.900   -999.900
    -80.000    -69.113    -72.176   -999.900   -999.900      3.063      0.000    -80.000    -80.000    -80.783   -106.210   -999.900   -999.900
    -82.000    -69.281    -72.191   -999.900   -999.900      2.910      0.000    -82.000    -82.000    -80.783   -106.210   -999.900   -999.900
    -84.000    -69.354    -72.192   -999.900   -999.900      2.838      0.000    -84.000    -84.000    -80.783   -106.210   -999.900   -999.900
    -86.000    -69.421    -72.202   -999.900   -999.900      2.781      0.000    -86.000    -86.000    -80.783   -106.210   -999.900   -999.900
    -88.000    -69.492    -72.162   -999.900   -999.900      2.670      0.000    -88.000    -88.000    -80.783   -106.210   -999.900   -999.900
    -90.000    -69.522    -72.160   -999.900   -999.900      2.638      0.000    -90.000    -90.000    -80.783   -106.210   -999.900   -999.900
    -92.000    -69.517    -72.159   -999.900   -999.900      2.642      0.000    -92.000    -92.000    -80.783   -106.210   -999.900   -999.900
    -94.000    -69.561    -72.171   -999.900   -999.900      2.610      0.000    -94.000    -94.000    -80.783   -106.210   -999.900   -999.900
    -96.000    -69.592    -72.175   -999.900   -999.900      2.583      0.000    -96.000    -96.000    -80.783   -106.210   -999.900   -999.900
    -98.000    -69.593    -72.159   -999.900   -999.900      2.567      0.000    -98.000    -98.000    -80.783   -106.210   -999.900   -999.900
