     16.000    -60.045     13.628   -999.900   -999.900    -73.673      0.000     16.000     16.000    -60.378     13.628   -999.900   -999.900
     14.000    -61.298     13.101   -999.900   -999.900    -74.398      0.000     14.000     14.000    -61.748     13.101   -999.900   -999.900
     12.000    -65.445     12.111   -999.900   -999.900    -77.556      0.000     12.000     12.000    -66.728     12.111   -999.900   -999.900
     10.000    -69.518     10.108   -999.900   -999.900    -79.627      0.000     10.000     10.000    -74.122     10.108   -999.900   -999.900
      8.000    -70.106      8.091   -999.900   -999.900    -78.197      0.000      8.000      8.000    -76.095      8.091   -999.900   -999.900
      6.000    -69.741      6.080   -999.900   -999.900    -75.822      0.000      6.000      6.000    -74.800      6.080   -999.900   -999.900
      4.000    -70.003      4.112   -999.900   -999.900    -74.115      0.000      4.000      4.000    -75.703      4.112   -999.900   -999.900
      2.000    -69.951      2.098   -999.900   -999.900    -72.050      0.000      2.000      2.000    -75.512      2.098   -999.900   -999.900
      0.000    -70.094      0.097   -999.900   -999.900    -70.191      0.000      0.000      0.000    -76.048      0.097   -999.900   -999.900
     -2.000    -69.736     -1.903   -999.900   -999.900    -67.834      0.000     -2.000     -2.000    -74.783     -1.903   -999.900   -999.900
     -4.000    -69.578     -3.900   -999.900   -999.900    -65.678      0.000     -4.000     -4.000    -74.296     -3.900   -999.900   -999.900
     -6.000    -69.783     -5.878   -999.900   -999.900    -63.905      0.000     -6.000     -6.000    -74.935     -5.878   -999.900   -999.900
     -8.000    -69.945     -7.892   -999.900   -999.900    -62.054      0.000     -8.000     -8.000    -75.490     -7.892   -999.900   -999.900
    -10.000    -69.607     -9.905   -999.900   -999.900    -59.702      0.000    -10.000    -10.000    -74.383     -9.905   -999.900   -999.900
    -12.000    -69.960    -11.915   -999.900   -999.900    -58.044      0.000    -12.000    -12.000    -75.542    -11.915   -999.900   -999.900
    -14.000    -69.704    -13.925   -999.900   -999.900    -55.779      0.000    -14.000    -14.000    -74.680    -13.925   -999.900   -999.900
    -16.000    -69.455    -15.937   -999.900   -999.900    -53.518      0.000    -16.000    -16.000    -73.943    -15.937   -999.900   -999.900
    -18.000    -69.066    -17.968   -999.900   -999.900    -51.098      0.000    -18.000    -18.000    -72.927    -17.968   -999.900   -999.900
    -20.000    -68.656    -20.006   -999.900   -999.900    -48.650      0.000    -20.000    -20.000    -71.989    -20.006   -999.900   -999.900
    -22.000    -68.492    -22.039   -999.900   -999.900    -46.452      0.000    -22.000    -22.000    -71.643    -22.039   -999.900   -999.900
    -24.000    -68.796    -24.064   -999.900   -999.900    -44.732      0.000    -24.000    -24.000    -72.296    -24.064   -999.900   -999.900
    -26.000    -68.849    -26.111   -999.900   -999.900    -42.738      0.000    -26.000    -26.000    -72.416    -26.111   -999.900   -999.900
    -28.000    -68.549    -28.181   -999.900   -999.900    -40.367      0.000    -28.000    -28.000    -71.761    -28.182   -999.900   -999.900
    -30.000    -68.766    -30.273   -999.900   -999.900    -38.493      0.000    -30.000    -30.000    -72.230    -30.273   -999.900   -999.900
    -32.000    -68.628    -32.373   -999.900   -999.900    -36.255      0.000    -32.000    -32.000    -71.929    -32.373   -999.900   -999.900
    -34.000    -68.779    -34.486   -999.900   -999.900    -34.293      0.000    -34.000    -34.000    -72.259    -34.487   -999.900   -999.900
    -36.000    -68.605    -36.580   -999.900   -999.900    -32.026      0.000    -36.000    -36.000    -71.881    -36.581   -999.900   -999.900
    -38.000    -68.711    -38.777   -999.900   -999.900    -29.934      0.000    -38.000    -38.000    -72.109    -38.779   -999.900   -999.900
    -40.000    -68.615    -40.905   -999.900   -999.900    -27.710      0.000    -40.000    -40.000    -71.901    -40.908   -999.900   -999.900
    -42.000    -68.837    -42.906   -999.900   -999.900    -25.931      0.000    -42.000    -42.000    -72.389    -42.911   -999.900   -999.900
    -44.000    -69.088    -44.880   -999.900   -999.900    -24.208      0.000    -44.000    -44.000    -72.979    -44.888   -999.900   -999.900
    -46.000    -70.026    -46.708   -999.900   -999.900    -23.317      0.000    -46.000    -46.000    -75.785    -46.721   -999.900   -999.900
    -48.000    -71.050    -48.263   -999.900   -999.900    -22.787      0.000    -48.000    -48.000    -82.594    -48.282   -999.900   -999.900
    -50.000    -71.168    -50.039   -999.900   -999.900    -21.129      0.000    -50.000    -50.000    -84.696    -50.067   -999.900   -999.900
    -52.000    -71.262    -51.978   -999.900   -999.900    -19.283      0.000    -52.000    -52.000    -87.530    -52.022   -999.900   -999.900
    -54.000    -71.373    -54.035   -999.900   -999.900    -17.338      0.000    -54.000    -54.000    -87.530    -54.105   -999.900   -999.900
    -56.000    -71.330    -56.127   -999.900   -999.900    -15.204      0.000    -56.000    -56.000    -87.530    -56.241   -999.900   -999.900
    -58.000    -71.348    -58.192   -999.900   -999.900    -13.156      0.000    -58.000    -58.000    -87.530    -58.378   -999.900   -999.900
    -60.000    -71.395    -60.179   -999.900   -999.900    -11.217      0.000    -60.000    -60.000    -87.530    -60.475   -999.900   -999.900
    -62.000    -71.386    -62.089   -999.900   -999.900     -9.297      0.000    -62.000    -62.000    -87.530    -62.558   -999.900   -999.900
    -64.000    -71.342    -63.899   -999.900   -999.900     -7.443      0.000    -64.000    -64.000    -87.530    -64.633   -999.900   -999.900
    -66.000    -71.369    -65.616   -999.900   -999.900     -5.753      0.000    -66.000    -66.000    -87.530    -66.755   -999.900   -999.900
    -68.000    -71.362    -67.208   -999.900   -999.900     -4.154      0.000    -68.000    -68.000    -87.530    -68.965   -999.900   -999.900
    -70.000    -71.363    -68.622   -999.900   -999.900     -2.741      0.000    -70.000    -70.000    -87.530    -71.306   -999.900   -999.900
    -72.000    -71.372    -69.838   -999.900   -999.900     -1.534      0.000    -72.000    -72.000    -87.530    -73.926   -999.900   -999.900
    -74.000    -71.323    -70.802   -999.900   -999.900     -0.521      0.000    -74.000    -74.000    -87.530    -77.026   -999.900   -999.900
    -76.000    -71.359    -71.551   -999.900   -999.900      0.192      0.000    -76.000    -76.000    -87.530    -81.761   -999.900   -999.900
    -78.000    -71.337    -72.127   -999.900   -999.900      0.790      0.000    -78.000    -78.000    -87.530    -81.761   -999.900   -999.900
    -80.000    -71.350    -72.515   -999.900   -999.900      1.165      0.000    -80.000    -80.000    -87.530    -81.761   -999.900   -999.900
    -82.000    -71.357    -72.803   -999.900   -999.900      1.447      0.000    -82.000    -82.000    -87.530    -81.761   -999.900   -999.900
    -84.000    -71.377    -72.978   -999.900   -999.900      1.600      0.000    -84.000    -84.000    -87.530    -81.761   -999.900   -999.900
    -86.000    -71.340    -73.101   -999.900   -999.900      1.762      0.000    -86.000    -86.000    -87.530    -81.761   -999.900   -999.900
    -88.000    -71.372    -73.166   -999.900   -999.900      1.795      0.000    -88.000    -88.000    -87.530    -81.761   -999.900   -999.900
    -90.000    -71.402    -73.189   -999.900   -999.900      1.787      0.000    -90.000    -90.000    -87.530    -81.761   -999.900   -999.900
    -92.000    -71.403    -73.237   -999.900   -999.900      1.834      0.000    -92.000    -92.000    -87.530    -81.761   -999.900   -999.900
    -94.000    -71.393    -73.247   -999.900   -999.900      1.854      0.000    -94.000    -94.000    -87.530    -81.761   -999.900   -999.900
    -96.000    -71.379    -73.265   -999.900   -999.900      1.886      0.000    -96.000    -96.000    -87.530    -81.761   -999.900   -999.900
    -98.000    -71.358    -73.185   -999.900   -999.900      1.827      0.000    -98.000    -98.000    -87.530    -81.761   -999.900   -999.900
