     16.000     13.583    -68.705   -999.900   -999.900     82.288      0.000     16.000     16.000     13.583    -70.565   -999.900   -999.900
     14.000     13.025    -69.764   -999.900   -999.900     82.789      0.000     14.000     14.000     13.025    -72.317   -999.900   -999.900
     12.000     11.906    -70.054   -999.900   -999.900     81.960      0.000     12.000     12.000     11.906    -72.854   -999.900   -999.900
     10.000      9.889    -70.556   -999.900   -999.900     80.445      0.000     10.000     10.000      9.889    -73.866   -999.900   -999.900
      8.000      7.872    -70.964   -999.900   -999.900     78.835      0.000      8.000      8.000      7.872    -74.793   -999.900   -999.900
      6.000      5.860    -71.871   -999.900   -999.900     77.731      0.000      6.000      6.000      5.860    -77.431   -999.900   -999.900
      4.000      3.914    -72.006   -999.900   -999.900     75.920      0.000      4.000      4.000      3.914    -77.938   -999.900   -999.900
      2.000      1.898    -71.994   -999.900   -999.900     73.893      0.000      2.000      2.000      1.898    -77.891   -999.900   -999.900
      0.000     -0.104    -72.481   -999.900   -999.900     72.377      0.000      0.000      0.000     -0.104    -80.201   -999.900   -999.900
     -2.000     -2.105    -72.615   -999.900   -999.900     70.510      0.000     -2.000     -2.000     -2.105    -81.058   -999.900   -999.900
     -4.000     -4.102    -72.632   -999.900   -999.900     68.530      0.000     -4.000     -4.000     -4.102    -81.182   -999.900   -999.900
     -6.000     -6.074    -72.524   -999.900   -999.900     66.450      0.000     -6.000     -6.000     -6.074    -80.459   -999.900   -999.900
     -8.000     -8.088    -72.479   -999.900   -999.900     64.391      0.000     -8.000     -8.000     -8.088    -80.188   -999.900   -999.900
    -10.000    -10.100    -72.549   -999.900   -999.900     62.449      0.000    -10.000    -10.000    -10.100    -80.618   -999.900   -999.900
    -12.000    -12.108    -72.349   -999.900   -999.900     60.240      0.000    -12.000    -12.000    -12.108    -79.469   -999.900   -999.900
    -14.000    -14.108    -72.388   -999.900   -999.900     58.279      0.000    -14.000    -14.000    -14.108    -79.675   -999.900   -999.900
    -16.000    -16.116    -72.472   -999.900   -999.900     56.355      0.000    -16.000    -16.000    -16.116    -80.143   -999.900   -999.900
    -18.000    -18.157    -72.496   -999.900   -999.900     54.338      0.000    -18.000    -18.000    -18.157    -80.286   -999.900   -999.900
    -20.000    -20.181    -72.567   -999.900   -999.900     52.386      0.000    -20.000    -20.000    -20.181    -80.734   -999.900   -999.900
    -22.000    -22.199    -72.649   -999.900   -999.900     50.450      0.000    -22.000    -22.000    -22.199    -81.303   -999.900   -999.900
    -24.000    -24.217    -72.542   -999.900   -999.900     48.325      0.000    -24.000    -24.000    -24.217    -80.570   -999.900   -999.900
    -26.000    -26.246    -72.565   -999.900   -999.900     46.319      0.000    -26.000    -26.000    -26.246    -80.721   -999.900   -999.900
    -28.000    -28.293    -72.628   -999.900   -999.900     44.335      0.000    -28.000    -28.000    -28.293    -81.147   -999.900   -999.900
    -30.000    -30.347    -72.364   -999.900   -999.900     42.017      0.000    -30.000    -30.000    -30.348    -79.549   -999.900   -999.900
    -32.000    -32.393    -72.355   -999.900   -999.900     39.962      0.000    -32.000    -32.000    -32.394    -79.503   -999.900   -999.900
    -34.000    -34.415    -72.448   -999.900   -999.900     38.033      0.000    -34.000    -34.000    -34.416    -80.009   -999.900   -999.900
    -36.000    -36.368    -73.119   -999.900   -999.900     36.751      0.000    -36.000    -36.000    -36.369    -87.367   -999.900   -999.900
    -38.000    -38.288    -73.125   -999.900   -999.900     34.837      0.000    -38.000    -38.000    -38.291    -87.529   -999.900   -999.900
    -40.000    -40.262    -73.178   -999.900   -999.900     32.915      0.000    -40.000    -40.000    -40.266    -89.274   -999.900   -999.900
    -42.000    -42.251    -73.141   -999.900   -999.900     30.891      0.000    -42.000    -42.000    -42.257    -88.000   -999.900   -999.900
    -44.000    -44.212    -73.212   -999.900   -999.900     29.000      0.000    -44.000    -44.000    -44.222    -90.979   -999.900   -999.900
    -46.000    -46.082    -73.179   -999.900   -999.900     27.097      0.000    -46.000    -46.000    -46.097    -89.343   -999.900   -999.900
    -48.000    -47.917    -73.169   -999.900   -999.900     25.252      0.000    -48.000    -48.000    -47.939    -88.944   -999.900   -999.900
    -50.000    -49.729    -73.194   -999.900   -999.900     23.465      0.000    -50.000    -50.000    -49.763    -89.999   -999.900   -999.900
    -52.000    -51.538    -73.147   -999.900   -999.900     21.609      0.000    -52.000    -52.000    -51.590    -88.169   -999.900   -999.900
    -54.000    -53.369    -73.165   -999.900   -999.900     19.796      0.000    -54.000    -54.000    -53.449    -88.780   -999.900   -999.900
    -56.000    -55.249    -73.208   -999.900   -999.900     17.958      0.000    -56.000    -56.000    -55.374    -90.706   -999.900   -999.900
    -58.000    -57.185    -73.251   -999.900   -999.900     16.066      0.000    -58.000    -58.000    -57.381    -94.281   -999.900   -999.900
    -60.000    -59.086    -73.279   -999.900   -999.900     14.193      0.000    -60.000    -60.000    -59.393   -101.340   -999.900   -999.900
    -62.000    -60.861    -73.309   -999.900   -999.900     12.449      0.000    -62.000    -62.000    -61.331   -101.340   -999.900   -999.900
    -64.000    -62.792    -73.343   -999.900   -999.900     10.551      0.000    -64.000    -64.000    -63.551   -101.340   -999.900   -999.900
    -66.000    -64.533    -73.307   -999.900   -999.900      8.774      0.000    -66.000    -66.000    -65.720   -101.340   -999.900   -999.900
    -68.000    -66.110    -73.335   -999.900   -999.900      7.225      0.000    -68.000    -68.000    -67.940   -101.340   -999.900   -999.900
    -70.000    -67.551    -73.300   -999.900   -999.900      5.749      0.000    -70.000    -70.000    -70.385   -101.340   -999.900   -999.900
    -72.000    -68.705    -73.281   -999.900   -999.900      4.575      0.000    -72.000    -72.000    -72.966   -101.340   -999.900   -999.900
    -74.000    -69.667    -73.270   -999.900   -999.900      3.603      0.000    -74.000    -74.000    -76.245   -101.340   -999.900   -999.900
    -76.000    -70.404    -73.277   -999.900   -999.900      2.873      0.000    -76.000    -76.000    -81.618   -101.340   -999.900   -999.900
    -78.000    -70.881    -73.288   -999.900   -999.900      2.406      0.000    -78.000    -78.000    -81.618   -101.340   -999.900   -999.900
    -80.000    -71.193    -73.312   -999.900   -999.900      2.118      0.000    -80.000    -80.000    -81.618   -101.340   -999.900   -999.900
    -82.000    -71.450    -73.305   -999.900   -999.900      1.855      0.000    -82.000    -82.000    -81.618   -101.340   -999.900   -999.900
    -84.000    -71.665    -73.318   -999.900   -999.900      1.653      0.000    -84.000    -84.000    -81.618   -101.340   -999.900   -999.900
    -86.000    -71.726    -73.278   -999.900   -999.900      1.552      0.000    -86.000    -86.000    -81.618   -101.340   -999.900   -999.900
    -88.000    -71.771    -73.319   -999.900   -999.900      1.548      0.000    -88.000    -88.000    -81.618   -101.340   -999.900   -999.900
    -90.000    -71.863    -73.278   -999.900   -999.900      1.415      0.000    -90.000    -90.000    -81.618   -101.340   -999.900   -999.900
    -92.000    -71.884    -73.260   -999.900   -999.900      1.376      0.000    -92.000    -92.000    -81.618   -101.340   -999.900   -999.900
    -94.000    -71.909    -73.229   -999.900   -999.900      1.320      0.000    -94.000    -94.000    -81.618   -101.340   -999.900   -999.900
    -96.000    -71.948    -73.257   -999.900   -999.900      1.309      0.000    -96.000    -96.000    -81.618   -101.340   -999.900   -999.900
    -98.000    -71.907    -73.314   -999.900   -999.900      1.406      0.000    -98.000    -98.000    -81.618   -101.340   -999.900   -999.900
