     16.000     13.598    -66.502   -999.900   -999.900     80.100      0.000     16.000     16.000     13.598    -67.516   -999.900   -999.900
     14.000     13.051    -68.062   -999.900   -999.900     81.113      0.000     14.000     14.000     13.051    -69.599   -999.900   -999.900
     12.000     11.979    -70.944   -999.900   -999.900     82.924      0.000     12.000     12.000     11.979    -74.700   -999.900   -999.900
     10.000      9.969    -71.653   -999.900   -999.900     81.622      0.000     10.000     10.000      9.969    -76.619   -999.900   -999.900
      8.000      7.959    -72.247   -999.900   -999.900     80.206      0.000      8.000      8.000      7.959    -78.847   -999.900   -999.900
      6.000      5.954    -72.382   -999.900   -999.900     78.335      0.000      6.000      6.000      5.954    -79.500   -999.900   -999.900
      4.000      4.007    -72.662   -999.900   -999.900     76.669      0.000      4.000      4.000      4.007    -81.189   -999.900   -999.900
      2.000      1.995    -72.699   -999.900   -999.900     74.694      0.000      2.000      2.000      1.995    -81.458   -999.900   -999.900
      0.000     -0.010    -72.824   -999.900   -999.900     72.814      0.000      0.000      0.000     -0.010    -82.497   -999.900   -999.900
     -2.000     -2.009    -72.829   -999.900   -999.900     70.820      0.000     -2.000     -2.000     -2.009    -82.548   -999.900   -999.900
     -4.000     -4.003    -72.959   -999.900   -999.900     68.956      0.000     -4.000     -4.000     -4.003    -83.946   -999.900   -999.900
     -6.000     -5.984    -73.094   -999.900   -999.900     67.110      0.000     -6.000     -6.000     -5.984    -86.061   -999.900   -999.900
     -8.000     -8.000    -73.135   -999.900   -999.900     65.136      0.000     -8.000     -8.000     -8.000    -86.965   -999.900   -999.900
    -10.000    -10.008    -73.120   -999.900   -999.900     63.112      0.000    -10.000    -10.000    -10.008    -86.608   -999.900   -999.900
    -12.000    -12.012    -73.117   -999.900   -999.900     61.105      0.000    -12.000    -12.000    -12.012    -86.539   -999.900   -999.900
    -14.000    -14.011    -73.100   -999.900   -999.900     59.089      0.000    -14.000    -14.000    -14.011    -86.179   -999.900   -999.900
    -16.000    -16.014    -73.112   -999.900   -999.900     57.098      0.000    -16.000    -16.000    -16.014    -86.426   -999.900   -999.900
    -18.000    -18.032    -73.189   -999.900   -999.900     55.157      0.000    -18.000    -18.000    -18.032    -88.507   -999.900   -999.900
    -20.000    -20.046    -73.184   -999.900   -999.900     53.138      0.000    -20.000    -20.000    -20.046    -88.338   -999.900   -999.900
    -22.000    -22.059    -73.167   -999.900   -999.900     51.108      0.000    -22.000    -22.000    -22.059    -87.811   -999.900   -999.900
    -24.000    -24.065    -73.165   -999.900   -999.900     49.100      0.000    -24.000    -24.000    -24.065    -87.739   -999.900   -999.900
    -26.000    -26.069    -73.135   -999.900   -999.900     47.066      0.000    -26.000    -26.000    -26.069    -86.964   -999.900   -999.900
    -28.000    -28.101    -73.103   -999.900   -999.900     45.002      0.000    -28.000    -28.000    -28.101    -86.237   -999.900   -999.900
    -30.000    -30.153    -73.000   -999.900   -999.900     42.848      0.000    -30.000    -30.000    -30.153    -84.502   -999.900   -999.900
    -32.000    -32.190    -72.904   -999.900   -999.900     40.714      0.000    -32.000    -32.000    -32.191    -83.306   -999.900   -999.900
    -34.000    -34.170    -72.974   -999.900   -999.900     38.804      0.000    -34.000    -34.000    -34.171    -84.141   -999.900   -999.900
    -36.000    -36.213    -73.010   -999.900   -999.900     36.796      0.000    -36.000    -36.000    -36.215    -84.638   -999.900   -999.900
    -38.000    -38.272    -73.142   -999.900   -999.900     34.870      0.000    -38.000    -38.000    -38.275    -87.128   -999.900   -999.900
    -40.000    -40.036    -73.272   -999.900   -999.900     33.236      0.000    -40.000    -40.000    -40.040    -92.970   -999.900   -999.900
    -42.000    -41.889    -73.233   -999.900   -999.900     31.344      0.000    -42.000    -42.000    -41.895    -90.281   -999.900   -999.900
    -44.000    -43.836    -73.303   -999.900   -999.900     29.467      0.000    -44.000    -44.000    -43.846    -97.580   -999.900   -999.900
    -46.000    -45.772    -73.318   -999.900   -999.900     27.546      0.000    -46.000    -46.000    -45.787   -107.772   -999.900   -999.900
    -48.000    -47.782    -73.309   -999.900   -999.900     25.527      0.000    -48.000    -48.000    -47.806    -99.792   -999.900   -999.900
    -50.000    -49.823    -73.316   -999.900   -999.900     23.494      0.000    -50.000    -50.000    -49.861   -105.280   -999.900   -999.900
    -52.000    -51.852    -73.296   -999.900   -999.900     21.444      0.000    -52.000    -52.000    -51.913    -95.977   -999.900   -999.900
    -54.000    -53.823    -73.300   -999.900   -999.900     19.478      0.000    -54.000    -54.000    -53.920    -96.998   -999.900   -999.900
    -56.000    -55.785    -73.341   -999.900   -999.900     17.556      0.000    -56.000    -56.000    -55.938    -96.998   -999.900   -999.900
    -58.000    -57.722    -73.335   -999.900   -999.900     15.613      0.000    -58.000    -58.000    -57.963    -96.998   -999.900   -999.900
    -60.000    -59.613    -73.342   -999.900   -999.900     13.729      0.000    -60.000    -60.000    -59.992    -96.998   -999.900   -999.900
    -62.000    -61.443    -73.355   -999.900   -999.900     11.912      0.000    -62.000    -62.000    -62.036    -96.998   -999.900   -999.900
    -64.000    -63.176    -73.359   -999.900   -999.900     10.183      0.000    -64.000    -64.000    -64.091    -96.998   -999.900   -999.900
    -66.000    -64.806    -73.356   -999.900   -999.900      8.550      0.000    -66.000    -66.000    -66.212    -96.998   -999.900   -999.900
    -68.000    -66.280    -73.348   -999.900   -999.900      7.067      0.000    -68.000    -68.000    -68.415    -96.998   -999.900   -999.900
    -70.000    -67.560    -73.339   -999.900   -999.900      5.779      0.000    -70.000    -70.000    -70.761    -96.998   -999.900   -999.900
    -72.000    -68.632    -73.342   -999.900   -999.900      4.710      0.000    -72.000    -72.000    -73.411    -96.998   -999.900   -999.900
    -74.000    -69.453    -73.335   -999.900   -999.900      3.882      0.000    -74.000    -74.000    -76.581    -96.998   -999.900   -999.900
    -76.000    -70.058    -73.331   -999.900   -999.900      3.274      0.000    -76.000    -76.000    -81.407    -96.998   -999.900   -999.900
    -78.000    -70.506    -73.312   -999.900   -999.900      2.806      0.000    -78.000    -78.000    -81.407    -96.998   -999.900   -999.900
    -80.000    -70.785    -73.312   -999.900   -999.900      2.527      0.000    -80.000    -80.000    -81.407    -96.998   -999.900   -999.900
    -82.000    -71.006    -73.309   -999.900   -999.900      2.303      0.000    -82.000    -82.000    -81.407    -96.998   -999.900   -999.900
    -84.000    -71.118    -73.323   -999.900   -999.900      2.205      0.000    -84.000    -84.000    -81.407    -96.998   -999.900   -999.900
    -86.000    -71.188    -73.308   -999.900   -999.900      2.120      0.000    -86.000    -86.000    -81.407    -96.998   -999.900   -999.900
    -88.000    -71.260    -73.316   -999.900   -999.900      2.056      0.000    -88.000    -88.000    -81.407    -96.998   -999.900   -999.900
    -90.000    -71.312    -73.308   -999.900   -999.900      1.996      0.000    -90.000    -90.000    -81.407    -96.998   -999.900   -999.900
    -92.000    -71.330    -73.304   -999.900   -999.900      1.974      0.000    -92.000    -92.000    -81.407    -96.998   -999.900   -999.900
    -94.000    -71.354    -73.308   -999.900   -999.900      1.953      0.000    -94.000    -94.000    -81.407    -96.998   -999.900   -999.900
    -96.000    -71.350    -73.319   -999.900   -999.900      1.969      0.000    -96.000    -96.000    -81.407    -96.998   -999.900   -999.900
    -98.000    -71.360    -73.321   -999.900   -999.900      1.961      0.000    -98.000    -98.000    -81.407    -96.998   -999.900   -999.900
