2018 02 04 00 22 30 2018 02 04 00 25 50
2018 02 04 01 17 00 2018 02 04 01 20 00
2018 02 04 02 47 00 2018 02 04 02 49 10
2018 02 04 03 05 00 2018 02 04 03 09 00
2018 02 04 03 17 50 2018 02 04 03 20 00
2018 02 04 03 36 50 2018 02 04 03 38 00
2018 02 07 21 44 00 2018 02 07 21 45 30
2018 02 08 00 22 00 2018 02 08 00 24 00
2018 02 08 00 40 00 2018 02 08 00 42 00
2018 02 08 00 51 00 2018 02 08 00 52 30
2018 02 24 02 44 55 2018 02 24 02 46 05
2018 02 24 03 00 45 2018 02 24 03 02 05
2018 02 24 04 25 00 2018 02 24 04 27 00
2018 02 24 04 51 35 2018 02 24 04 53 25
2018 02 24 06 46 50 2018 02 24 06 47 50
2018 02 24 06 48 02 2018 02 24 06 49 25
2018 02 24 07 21 00 2018 02 24 07 22 30
