2021 05 29 16 17 00 2021 05 29 16 24 00
2021 05 29 19 11 01 2021 05 29 19 12 00
2021 06 01 20 18 55 2021 06 01 20 19 55
2021 06 02 23 08 44 2021 06 02 23 12 00
2021 06 02 23 15 00 2021 06 02 23 17 05
2021 06 02 23 18 56 2021 06 02 23 21 44
2021 06 02 23 23 31 2021 06 02 23 26 41
2021 06 02 23 32 47 2021 06 02 23 37 28
2021 06 02 23 39 41 2021 06 02 23 42 30
2021 06 02 23 44 46 2021 06 02 23 48 55
2021 06 02 23 52 29 2021 06 02 23 54 56
2021 06 05 17 42 10 2021 06 05 17 43 30
2021 06 05 17 43 10 2021 06 05 17 48 30
2021 06 05 21 00 00 2021 06 05 21 07 00
2021 06 17 23 45 00 2021 06 17 23 52 00
2021 06 25 19 02 30 2021 06 25 19 03 10
