2015 07 01 19 27 2015 07 01 20 03
2015 07 01 20 10 2015 07 01 20 13
2015 07 01 20 21 2015 07 01 20 26
2015 07 07 18 54 2015 07 07 18 59
2015 07 09 18 00 2015 07 09 18 08
2015 07 12 19 02 2015 07 12 19 12
2015 07 12 19 35 2015 07 12 19 45
2015 07 12 20 07 2015 07 12 20 11
2015 07 12 20 43 2015 07 12 20 45
2015 07 17 19 50 2015 07 17 20 02
2015 07 17 20 27 2015 07 17 20 36
2015 07 17 20 41 2015 07 17 20 47
2015 07 19 17 08 2015 07 19 17 11
2015 07 19 22 03 2015 07 19 22 12
2015 07 19 22 26 2015 07 19 22 31
2015 07 27 20 35 2015 07 27 20 47
2015 07 27 20 29 2015 07 27 21 14
2015 08 03 17 17 2015 08 03 17 28
2015 08 07 15 34 2015 08 07 15 42
2015 08 09 22 48 2015 08 09 22 53
