2019 08 07 12 33 2019 08 07 13 15
2019 08 07 14 24 2019 08 07 16 34
2019 08 11 12 32 2019 08 11 12 46
2019 08 11 12 49 2019 08 11 13 04
2019 08 11 13 50 2019 08 11 14 28
2019 08 11 14 49 2019 08 11 15 40
2019 08 11 17 06 2019 08 11 17 38
2019 08 12 13 53 2019 08 12 14 10
2019 08 12 16 57 2019 08 12 17 13
2019 08 16 12 30 2019 08 16 13 04
2019 08 16 13 38 2019 08 16 13 41
2019 08 16 14 09 2019 08 16 14 15
2019 08 16 16 27 2019 08 16 17 00
2019 08 16 17 52 2019 08 16 18 03
2019 08 16 18 12 2019 08 16 18 25
2019 08 17 17 40 2019 08 17 17 43
2019 08 18 14 12 2019 08 18 14 20
2019 08 23 14 50 2019 08 23 15 05
2019 09 21 12 35 2019 09 21 12 45
2019 09 21 15 45 2019 09 21 15 50
2019 09 21 17 40 2019 09 21 17 55
2019 10 01 16 15 2019 10 01 16 25
2019 10 01 16 30 2019 10 01 16 42
