2019 08 07 12 35 2019 08 07 13 15
2019 08 07 16 00 2019 08 07 16 20
2019 08 07 17 10 2019 08 07 17 32
2019 08 11 13 05 2019 08 11 13 10
2019 08 11 14 20 2019 08 11 14 30
2019 08 11 15 00 2019 08 11 15 20
2019 08 11 17 25 2019 08 11 17 35
2019 08 11 17 58 2019 08 11 18 02
2019 08 12 17 20 2019 08 12 17 28
2019 08 16 13 00 2019 08 16 13 10
2019 08 07 16 45 2019 08 07 17 10
2019 08 11 17 40 2019 08 11 17 55
2019 08 12 12 30 2019 08 12 12 50
2019 08 16 13 05 2019 08 16 13 15
2019 08 16 13 40 2019 08 16 14 00
2019 08 16 14 15 2019 08 16 14 30
2019 08 16 15 05 2019 08 16 15 20
2019 08 16 17 25 2019 08 16 17 50
2019 08 17 12 30 2019 08 17 12 45
2019 08 18 17 19 2019 08 18 18 10
