2015 07 01 22 10 2015 07 01 22 19
2015 07 07 14 57 2015 07 07 15 00
2015 07 07 16 01 2015 07 07 16 07
2015 07 07 16 57 2015 07 07 17 12
2015 07 07 17 26 2015 07 07 17 38
2015 07 07 21 04 2015 07 07 21 14
2015 07 09 18 13 2015 07 09 18 24
2015 07 09 18 39 2015 07 09 18 51
2015 07 09 19 28 2015 07 09 19 41
2015 07 09 21 09 2015 07 09 21 18
2015 07 09 21 32 2015 07 09 21 39
2015 07 09 23 25 2015 07 09 23 34
2015 07 19 19 42 2015 07 19 19 54
2015 07 22 17 46 2015 07 22 17 57
2015 07 27 16 18 2015 07 27 16 30
2015 08 01 17 35 2015 08 01 17 39
2015 08 03 19 33 2015 08 03 19 45
2015 08 07 17 51 2015 08 07 18 04
2015 08 09 19 00 2015 08 09 19 13
2015 08 09 20 15 2015 08 09 20 29
2015 08 09 21 05 2015 08 09 21 11
2015 08 12 18 53 2015 08 12 19 02
