2018 01 19 03 52 2018 01 19 03 54
2018 01 19 04 28 2018 01 19 04 36
2018 01 22 23 15 2018 01 22 23 45
2018 01 22 23 55 2018 01 23 00 10
2018 01 23 02 30 2018 01 23 03 00
2018 01 24 03 45 2018 01 24 04 00
2018 01 26 00 05 2018 01 26 00 20
2018 01 26 02 10 2018 01 26 02 25
2018 01 26 02 30 2018 01 26 02 50
2018 01 29 01 15 2018 01 29 01 55
2018 01 31 01 25 2018 01 31 01 40
2018 01 31 04 45 2018 01 31 05 20
2018 01 31 05 40 2018 01 31 05 50
2018 01 31 06 40 2018 01 31 06 50
2018 02 04 01 00 2018 02 04 01 10
2018 02 04 04 40 2018 02 04 02 20
2018 02 04 05 10 2018 02 04 05 30
2018 02 05 03 10 2018 02 05 03 20
2018 02 05 04 25 2018 02 05 04 35
2018 02 08 00 50 2018 02 08 01 18
2018 02 17 03 35 2018 02 17 03 50
2018 02 17 04 10 2018 02 17 04 20
2018 02 18 03 10 2018 02 18 03 20
2018 02 18 03 40 2018 02 18 04 10
2018 02 18 05 10 2018 02 18 05 22
2018 02 20 02 00 2018 02 20 02 20
2018 02 22 02 55 2018 02 22 03 12
2018 02 22 03 20 2018 02 22 04 00
2018 02 24 05 45 2018 02 24 06 05
2018 02 24 07 20 2018 02 24 07 55
2018 02 24 08 00 2018 02 24 08 25
2018 01 16 00 35 2018 01 16 00 50
2018 01 23 00 10 2018 01 23 00 39
2018 01 23 01 40 2018 01 23 01 50
2018 01 23 23 40 2018 01 23 23 59
2018 01 24 03 20 2018 01 24 03 30
2018 01 26 01 20 2018 01 26 01 50
2018 01 31 05 00 2018 01 31 05 25
2018 02 04 05 30 2018 02 04 05 50
2018 02 05 05 30 2018 02 05 05 50
2018 02 07 21 00 2018 02 07 21 20
2018 02 07 23 29 2018 02 07 23 54
2018 02 08 00 00 2018 02 08 00 40
2018 02 20 01 50 2018 02 20 02 15
2018 02 20 02 46 2018 02 20 03 15
2018 02 24 08 07 2018 02 24 08 30
