2021 05 29 19 10 2021 05 29 19 27
2021 06 01 19 40 2021 06 01 19 45
2021 06 01 20 18 2021 06 01 20 23
2021 06 01 20 40 2021 06 01 20 43
2021 06 01 21 01 2021 06 01 21 18
2021 06 02 21 48 2021 06 02 22 13
2021 06 02 23 15 2021 06 02 23 38
2021 06 05 18 00 2021 06 05 18 10
2021 06 05 18 45 2021 06 05 19 20
2021 06 11 22 55 2021 06 11 23 07
2021 06 17 22 40 2021 06 17 22 45
2021 06 17 23 00 2021 06 17 23 05
2021 06 17 23 50 2021 06 18 00 02
2021 06 20 22 55 2021 06 20 23 10
2021 06 20 23 35 2021 06 20 23 55
2021 06 21 01 05 2021 06 21 01 22
2021 06 21 01 47 2021 06 21 02 00
2021 06 21 03 42 2021 06 21 04 00
2021 06 24 20 40 2021 06 24 20 48
2021 06 24 21 52 2021 06 24 22 00
2021 06 24 23 00 2021 06 24 23 10
2021 06 24 23 20 2021 06 24 23 50
2021 06 25 18 52 2021 06 25 19 10
2021 06 25 20 02 2021 06 25 20 16
2021 06 25 20 40 2021 06 25 20 58
2021 06 25 21 10 2021 06 25 21 20
2021 06 25 21 55 2021 06 25 22 17
2021 06 25 22 20 2021 06 25 22 46
