2019 08 11 17 40 2019 08 11 18 00
2019 08 16 13 00 2019 08 16 13 20
2019 08 16 15 00 2019 08 16 15 10
2019 08 22 18 10 2019 08 22 18 20
2019 08 23 14 30 2019 08 23 14 40
2019 08 25 16 00 2019 08 25 16 20
2019 08 25 17 30 2019 08 25 17 45
2019 09 03 17 00 2019 09 03 17 10
2019 09 09 18 50 2019 09 09 19 00
2019 09 09 20 05 2019 09 09 20 10
2019 09 17 16 30 2019 09 17 16 45
2019 09 21 12 20 2019 09 21 12 49
2019 09 21 16 30 2019 09 21 16 49
2019 09 22 15 35 2019 09 22 15 45
2019 09 25 13 00 2019 09 25 13 20
2019 09 25 15 20 2019 09 25 15 30
2019 09 27 12 45 2019 09 27 13 10
2019 09 27 14 10 2019 09 27 14 20
2019 09 30 13 40 2019 09 30 13 55
2019 09 30 15 40 2019 09 30 15 50
2019 10 01 16 05 2019 10 01 16 30
