2018 01 16 02 36 2018 01 16 02 42
2018 01 19 04 20 2018 01 19 04 40
2018 01 23 00 08 2018 01 23 00 14
2018 01 23 00 25 2018 01 23 00 35
2018 01 23 01 10 2018 01 23 01 19
2018 01 23 01 45 2018 01 23 01 56
2018 01 24 03 04 2018 01 24 03 15
2018 01 24 03 12 2018 01 24 03 19
2018 01 24 03 50 2018 01 24 04 05
2018 01 26 01 50 2018 01 26 02 00
2018 01 29 01 46 2018 01 29 01 54
2018 01 29 02 04 2018 01 29 02 07
2018 01 31 05 11 2018 01 31 05 14
2018 02 04 03 02 2018 02 04 03 12
2018 02 04 04 16 2018 02 04 04 19
2018 02 05 03 29 2018 02 05 03 40
2018 02 05 04 10 2018 02 05 04 20
2018 02 08 00 20 2018 02 08 00 35
2018 02 18 05 12 2018 02 18 05 16
2018 02 18 05 11 2018 02 18 05 17
