2018 01 22 20 57 00 2018 01 22 20 58 00
2018 02 24 02 07 00 2018 02 24 02 07 37
2018 01 16 02 30 00 2018 01 16 02 31 00
2018 02 24 02 07 38 2018 02 24 02 08 08
2018 01 16 01 59 00 2018 01 16 02 00 00
2018 01 26 01 33 00 2018 01 26 01 34 00
2018 01 23 00 41 00 2018 01 23 00 42 00
2018 01 31 04 03 00 2018 01 31 04 04 00
2018 01 19 00 56 03 2018 01 19 00 56 45
2018 01 31 01 10 00 2018 01 31 01 11 00
2018 01 31 07 24 00 2018 01 31 07 25 00
2018 02 07 21 40 00 2018 02 07 21 41 00
2018 01 22 21 30 00 2018 01 22 21 31 00
2018 01 16 00 42 00 2018 01 16 00 43 00
2018 02 04 06 10 00 2018 02 04 06 11 00
2018 01 28 23 10 00 2018 01 28 23 11 00
2018 01 28 23 32 00 2018 01 28 23 33 00
