2019 08 11 12 22 00 2019 08 11 12 24 00
2019 08 11 12 24 52 2019 08 11 12 24 55
2019 08 11 12 24 56 2019 08 11 12 24 59
2019 08 11 12 24 59 2019 08 11 12 25 02
2019 08 11 12 25 03 2019 08 11 12 25 06
2019 08 11 12 25 06 2019 08 11 12 25 10
2019 08 11 12 25 11 2019 08 11 12 25 14
2019 08 11 12 25 14 2019 08 11 12 25 19
2019 08 11 12 25 19 2019 08 11 12 25 37
2019 10 01 17 39 41 2019 10 01 17 39 55
2019 10 01 17 38 20 2019 10 01 17 39 10
2019 10 01 17 33 50 2019 10 01 17 34 50
2019 09 30 17 16 17 2019 09 30 17 16 32
2019 08 16 12 32 55 2019 08 16 12 33 25
2019 08 16 12 35 27 2019 08 16 12 36 16
2019 08 16 18 25 37 2019 08 16 18 25 57
2019 08 12 12 24 20 2019 08 12 12 25 20
2019 08 16 12 38 28 2019 08 16 12 38 56
2019 08 16 12 39 01 2019 08 16 12 39 30
2019 08 12 12 30 30 2019 08 12 12 31 30
2019 08 07 14 12 00 2019 08 07 14 13 00
2019 08 07 14 36 00 2019 08 07 14 39 00
2019 08 07 13 31 00 2019 08 07 13 32 00
2019 08 07 13 00 00 2019 08 07 13 01 00
2019 09 03 17 31 50 2019 09 03 17 32 40
2019 08 07 13 08 12 2019 08 07 13 08 45
