2018 01 16 00 18 2018 01 16 00 27
2018 01 16 00 30 2018 01 16 00 44
2018 01 16 02 25 2018 01 16 02 41
2018 01 16 02 49 2018 01 16 03 02
2018 01 16 04 05 2018 01 16 04 16
2018 01 16 04 23 2018 01 16 04 28
2018 01 19 01 31 2018 01 19 01 33
2018 01 19 04 16 2018 01 19 04 38
2018 01 19 05 50 2018 01 19 05 52
2018 01 22 21 27 2018 01 22 21 36
2018 01 22 21 36 2018 01 22 21 52
2018 01 22 22 10 2018 01 22 22 30
2018 01 23 00 12 2018 01 23 00 42
2018 01 23 23 45 2018 01 23 23 58
2018 01 24 00 24 2018 01 24 00 29
2018 01 24 01 06 2018 01 24 01 17
2018 01 24 01 40 2018 01 24 02 04
2018 01 24 02 52 2018 01 24 03 12
2018 01 24 03 18 2018 01 24 03 32
2018 01 24 03 47 2018 01 24 03 55
2018 01 24 04 44 2018 01 24 04 47
2018 01 28 23 09 2018 01 28 23 39
2018 01 29 03 00 2018 01 29 03 04
2018 02 17 03 29 2018 02 17 03 35
2018 02 17 05 48 2018 02 17 05 59
