2019 08 07 15 20 2019 08 07 15 40
2019 08 07 16 35 2019 08 07 16 45
2019 08 07 16 55 2019 08 07 17 00
2019 08 07 17 25 2019 08 07 17 34
2019 08 11 12 22 2019 08 11 12 39
2019 08 11 12 49 2019 08 11 13 04
2019 08 11 13 38 2019 08 11 13 46
2019 08 11 14 02 2019 08 11 14 17
2019 08 11 14 45 2019 08 11 15 00
2019 08 11 15 00 2019 08 11 15 15
2019 08 11 15 20 2019 08 11 15 29
2019 08 11 17 40 2019 08 11 17 55
2019 08 12 12 30 2019 08 12 12 40
2019 08 16 12 25 2019 08 16 13 15
2019 08 16 14 00 2019 08 16 14 30
2019 08 16 16 20 2019 08 16 16 45
2019 08 16 17 20 2019 08 16 18 05
2019 08 17 12 30 2019 08 17 12 45
2019 08 17 13 00 2019 08 17 13 33
2019 08 17 17 10 2019 08 17 18 00
2019 08 18 13 45 2019 08 18 14 15
2019 08 18 17 10 2019 08 18 18 10
