sp 2021 06 01 19 46 10 2021 06 01 19 47 15 mixP
sp 2021 06 05 19 29 50 2021 06 05 19 32 58 froC
ot 2019 08 07 13 25 00 2019 08 07 13 26 55 liqC
ot 2019 08 07 13 53 50 2019 08 07 13 56 05 liqP
ot 2019 08 07 14 44 40 2019 08 07 14 48 00 froC
ot 2019 08 07 15 28 00 2019 08 07 15 31 30 deeP
ot 2019 08 16 13 05 30 2019 08 16 13 08 30 mixP
ot 2019 08 17 14 07 05 2019 08 17 14 08 08 liqC
ot 2019 08 17 15 31 20 2019 08 17 15 34 05 mixP
ot 2019 08 17 17 10 07 2019 08 17 17 11 15 liqP
ot 2019 08 22 17 57 50 2019 08 22 18 03 00 deeP
so 2018 01 19 00 59 00 2018 01 19 01 01 15 froC
so 2018 01 19 01 31 50 2018 01 19 01 32 50 liqC
so 2018 01 19 02 20 45 2018 01 19 02 23 05 mixP
so 2018 01 22 22 15 50 2018 01 22 22 18 50 deeP
so 2018 02 04 02 05 25 2018 02 04 02 08 10 froP
so 2018 02 05 02 30 55 2018 02 05 02 31 35 froP
so 2018 02 17 02 11 10 2018 02 17 02 15 30 deeP
so 2018 02 04 00 48 10 2018 02 04 00 50 00 mixP
so 2018 01 25 22 57 30 2018 01 25 22 59 00 froC
so 2018 01 25 23 37 30 2018 01 25 23 39 20 liqP
so 2018 01 22 21 28 35 2018 01 22 21 30 50 liqC
so 2018 01 22 21 31 00 2018 01 22 21 32 30 liqP
cs 2015 07 01 20 19 00 2015 07 01 20 20 25 liqC
cs 2015 07 01 20 34 40 2015 07 01 20 35 29 froC
cs 2015 08 12 16 27 30 2015 08 12 16 28 50 mixP
cs 2015 07 09 18 03 20 2015 07 09 18 07 25 liqC
cs 2015 07 09 18 28 00 2015 07 09 18 30 55 froC
cs 2015 08 09 21 27 15 2015 08 09 21 29 30 liqP
cs 2015 08 12 16 12 00 2015 08 12 16 15 00 mixP
cs 2015 07 12 19 03 05 2015 07 12 19 08 55 liqP
sp 2021 06 17 23 46 05 2021 06 17 23 48 53 froC
ot 2019 08 16 14 05 55 2019 08 16 14 07 15 liqC
ot 2019 08 16 14 42 10 2019 08 16 14 47 00 froC
ot 2019 08 22 19 11 08 2019 08 22 19 15 40 froC
ot 2019 08 17 13 33 45 2019 08 17 13 35 40 liqP
ot 2019 08 18 17 38 55 2019 08 18 17 44 05 deeP
ot 2019 08 23 13 12 45 2019 08 23 13 14 55 mixP
so 2018 01 29 05 02 05 2018 01 29 05 04 15 liqC
so 2018 02 03 23 28 10 2018 02 03 23 29 40 liqC
so 2018 01 31 06 01 50 2018 01 31 06 04 25 froC
so 2018 02 03 23 42 10 2018 02 03 23 44 50 liqP
so 2018 02 04 23 45 55 2018 02 04 23 48 35 liqP
so 2018 02 05 02 20 55 2018 02 05 02 23 30 froP
so 2018 01 24 00 25 25 2018 01 24 00 26 15 mixP
so 2018 01 29 05 16 00 2018 01 29 05 20 50 deeP
cs 2015 07 12 17 03 00 2015 07 12 17 07 15 liqC
cs 2015 07 09 20 11 25 2015 07 09 20 13 55 froC
cs 2015 07 12 18 44 20 2015 07 12 18 47 20 liqP
cs 2015 08 12 16 30 00 2015 08 12 16 33 10 mixP
