sp 2021 06 01 20 03 30 2021 06 01 20 04 50 mixP
sp 2021 06 05 17 49 55 2021 06 05 17 55 00 froC
sp 2021 06 24 23 02 30 2021 06 24 23 04 50 mixP
ot 2019 08 07 14 21 25 2019 08 07 14 24 20 liqP
ot 2019 08 07 15 09 00 2019 08 07 15 14 00 froC
ot 2019 08 07 17 04 30 2019 08 07 17 04 55 froC
ot 2019 08 11 12 39 30 2019 08 11 12 43 40 mixP
ot 2019 08 11 12 49 50 2019 08 11 12 51 55 liqP
ot 2019 08 11 13 56 05 2019 08 11 14 01 00 froC
ot 2019 08 11 14 10 00 2019 08 11 14 15 00 deeP
ot 2019 08 11 14 45 55 2019 08 11 14 47 50 deeP
ot 2019 08 11 15 19 20 2019 08 11 15 23 00 deeP
ot 2019 08 11 16 16 58 2019 08 11 16 18 58 froC
ot 2019 08 11 18 00 05 2019 08 11 18 00 50 liqC
ot 2019 08 11 18 05 55 2019 08 11 18 07 40 liqC
ot 2019 08 12 12 51 10 2019 08 12 12 51 45 liqP
ot 2019 08 12 13 10 20 2019 08 12 13 14 45 liqP
ot 2019 08 12 14 12 15 2019 08 12 14 13 15 liqC
ot 2019 08 12 15 55 58 2019 08 12 15 57 10 liqP
ot 2019 08 12 16 26 30 2019 08 12 16 28 40 deeP
ot 2019 08 12 16 48 58 2019 08 12 16 50 20 mixP
ot 2019 08 12 16 57 10 2019 08 12 16 58 50 froC
ot 2019 08 12 17 17 10 2019 08 12 17 18 30 liqC
ot 2019 08 16 13 46 15 2019 08 16 13 49 30 mixP
ot 2019 08 16 14 35 15 2019 08 16 14 36 20 liqP
ot 2019 08 16 15 03 00 2019 08 16 15 08 15 deeP
ot 2019 08 16 15 16 05 2019 08 16 15 17 55 mixP
ot 2019 08 16 16 09 40 2019 08 16 16 14 40 froC
ot 2019 08 16 16 34 10 2019 08 16 16 37 05 deeP
ot 2019 08 17 12 52 57 2019 08 17 12 53 45 liqP
ot 2019 08 17 13 01 20 2019 08 17 13 02 50 liqP
ot 2019 08 17 13 05 00 2019 08 17 13 10 00 deeP
ot 2019 08 17 13 10 25 2019 08 17 13 11 15 liqP
ot 2019 08 17 13 11 15 2019 08 17 13 13 10 liqC
ot 2019 08 17 13 17 30 2019 08 17 13 18 55 froC
ot 2019 08 18 14 19 00 2019 08 18 14 19 15 mixP
ot 2019 08 18 14 25 00 2019 08 18 17 29 30 deeP
ot 2019 08 18 14 50 00 2019 08 18 14 53 20 froC
ot 2019 08 18 14 56 25 2019 08 18 14 59 40 deeP
ot 2019 08 18 15 34 40 2019 08 18 15 35 51 liqP
ot 2019 08 22 14 19 40 2019 08 22 14 21 55 liqP
ot 2019 08 22 18 14 30 2019 08 22 18 18 25 deeP
ot 2019 08 23 13 20 15 2019 08 23 13 24 40 liqP
ot 2019 08 23 14 18 30 2019 08 23 14 19 25 liqC
ot 2019 08 25 12 55 05 2019 08 25 12 27 10 mixP
ot 2019 08 25 13 57 55 2019 08 25 13 59 20 liqC
ot 2019 09 03 13 57 00 2019 09 03 13 58 45 liqC
ot 2019 09 03 16 22 40 2019 09 03 16 24 07 liqC
ot 2019 09 03 18 07 20 2019 09 03 18 08 20 liqC
ot 2019 09 04 13 07 30 2019 09 04 13 09 15 liqC
so 2018 01 16 02 49 10 2018 01 16 02 54 20 mixP
so 2018 01 16 04 03 40 2018 01 16 04 04 40 mixP
so 2018 01 16 04 24 20 2018 01 16 04 27 10 froC
so 2018 01 22 21 36 40 2018 01 22 21 39 03 froC
so 2018 01 22 21 56 50 2018 01 22 22 00 20 froC
so 2018 01 22 22 24 05 2018 01 22 22 28 10 mixP
so 2018 01 22 22 28 20 2018 01 22 22 29 40 froC
so 2018 01 22 22 47 50 2018 01 22 22 53 35 mixP
so 2018 01 22 22 27 30 2018 01 22 23 00 08 mixP
so 2018 01 22 23 08 00 2018 01 22 23 11 05 mixP
so 2018 01 22 23 22 00 2018 01 22 23 24 00 mixP
so 2018 01 22 23 29 45 2018 01 22 23 31 30 froC
so 2018 01 23 00 17 00 2018 01 23 00 23 00 mixP
so 2018 01 23 01 11 05 2018 01 23 01 13 10 mixP
so 2018 01 23 23 30 58 2018 01 23 23 32 00 liqC
so 2018 01 23 23 32 00 2018 01 23 23 34 00 liqP
so 2018 01 23 23 34 10 2018 01 23 23 36 10 liqC
so 2018 01 24 00 28 05 2018 01 24 00 29 00 froC
so 2018 01 24 00 30 35 2018 01 24 00 32 55 mixP
so 2018 01 24 01 16 00 2018 01 24 00 18 55 froC
so 2018 01 24 03 20 45 2018 01 24 03 23 00 froC
so 2018 01 24 04 46 55 2018 01 24 04 48 45 mixP
so 2018 01 24 05 44 30 2018 01 24 05 46 20 liqP
so 2018 01 28 23 10 00 2018 01 28 23 14 00 mixP
so 2018 01 29 05 29 10 2018 01 29 05 33 00 deeP
so 2018 01 31 01 25 55 2018 01 31 01 26 55 mixP
so 2018 01 31 02 49 05 2018 01 31 02 50 35 mixP
so 2018 01 31 03 21 55 2018 01 31 03 24 45 froC
so 2018 02 03 23 25 55 2018 02 03 23 28 00 liqP
so 2018 02 03 23 32 25 2018 02 03 23 34 45 liqC
so 2018 02 04 01 06 50 2018 02 04 01 10 00 froC
so 2018 02 04 01 57 50 2018 02 04 02 00 30 froP
so 2018 02 04 02 13 55 2018 02 04 02 15 25 froP
so 2018 02 04 02 31 55 2018 02 04 02 33 15 froP
so 2018 02 04 02 48 50 2018 02 04 02 53 00 froP
so 2018 02 04 03 31 10 2018 02 04 03 32 25 froP
so 2018 02 04 03 51 10 2018 02 04 03 54 20 froP
so 2018 02 04 04 41 50 2018 02 04 04 44 45 mixP
so 2018 02 04 06 05 25 2018 02 04 06 08 15 liqP
so 2018 02 04 06 16 30 2018 02 04 06 19 55 liqC
so 2018 02 04 23 02 00 2018 02 04 23 04 30 liqP
so 2018 02 04 23 13 00 2018 02 04 23 15 00 liqC
so 2018 02 04 23 40 35 2018 02 04 23 41 25 liqC
so 2018 02 04 23 41 30 2018 02 04 23 45 00 liqP
so 2018 02 05 02 06 55 2018 02 05 02 09 25 froP
so 2018 02 05 02 59 15 2018 02 05 03 02 55 froP
so 2018 02 07 21 06 00 2018 02 07 21 11 00 deeP
so 2018 02 07 21 21 00 2018 02 07 21 26 05 deeP
so 2018 02 07 21 42 15 2018 02 07 21 46 00 deeP
so 2018 02 17 05 32 55 2018 02 17 05 37 10 deeP
so 2018 02 17 05 40 00 2018 02 17 05 44 50 deeP
cs 2015 07 01 19 03 45 2015 07 01 19 04 30 froC
cs 2015 07 01 19 50 45 2015 07 01 19 52 55 liqC
cs 2015 07 01 19 58 00 2015 07 01 19 59 15 liqC
cs 2015 07 01 19 59 15 2015 07 01 20 00 00 liqP
cs 2015 07 01 20 11 05 2015 07 01 20 13 15 liqP
cs 2015 07 01 21 43 55 2015 07 01 21 47 55 froC
cs 2015 07 01 21 54 00 2015 07 01 21 58 50 froC
cs 2015 07 07 15 01 50 2015 07 07 15 04 50 froC
cs 2015 07 07 15 11 45 2015 07 07 15 16 10 froC
cs 2015 07 07 15 22 10 2015 07 07 15 23 55 froC
cs 2015 07 07 17 09 10 2015 07 07 17 11 35 liqP
cs 2015 07 07 20 16 10 2015 07 07 20 14 55 liqP
cs 2015 07 09 19 20 30 2015 07 09 19 24 35 froC
cs 2015 07 09 22 28 03 2015 07 09 22 29 10 liqC
cs 2015 07 09 22 32 35 2015 07 09 22 33 55 liqP
cs 2015 07 09 23 11 10 2015 07 09 23 15 55 mixP
cs 2015 07 12 15 16 30 2015 07 12 15 20 30 liqC
cs 2015 07 12 16 14 59 2015 07 12 16 18 45 liqP
cs 2015 07 12 17 11 59 2015 07 12 17 13 25 liqP
cs 2015 07 12 19 12 50 2015 07 12 19 14 30 liqC
cs 2015 07 12 19 19 25 2015 07 12 19 23 10 liqC
cs 2015 07 12 19 36 00 2015 07 12 19 39 00 liqP
cs 2015 07 14 17 12 00 2015 07 12 17 13 50 liqC
cs 2015 07 14 22 20 20 2015 07 12 22 24 30 liqC
cs 2015 07 22 16 31 30 2015 07 22 16 36 10 liqC
cs 2015 08 01 16 52 40 2015 08 01 16 56 15 mixP
cs 2015 08 12 16 27 30 2015 08 12 16 28 50 mixP
cs 2015 08 12 20 41 50 2015 08 12 20 49 35 mixP
