2021 05 29 19 10 2021 05 29 19 14
2021 06 20 22 51 2021 06 20 22 53
2021 06 20 22 58 2021 06 20 23 02
2021 06 20 23 19 2021 06 20 23 25
2021 06 20 23 32 2021 06 20 23 34
2021 06 21 00 06 2021 06 21 00 08
2021 06 21 01 52 2021 06 21 01 56
2021 06 21 01 57 2021 06 21 02 00
2021 06 21 03 49 2021 06 21 03 56
2021 06 24 23 30 2021 06 24 23 40
2021 06 24 23 41 2021 06 24 23 46
2021 06 25 20 05 2021 06 25 20 08
2021 06 25 21 27 2021 06 25 21 31
2021 06 25 21 47 2021 06 25 21 49
2021 06 25 21 56 2021 06 25 22 01
