    -34.770      5.657    -58.407   -999.900   -999.900     64.064      0.000    -34.770    -34.770      5.657    -59.832   -999.900   -999.900
    -39.770      1.317    -61.356   -999.900   -999.900     62.674      0.000    -39.770    -39.770      1.317    -64.842   -999.900   -999.900
    -44.770     -3.557    -62.815   -999.900   -999.900     59.258      0.000    -44.770    -44.770     -3.557    -69.236   -999.900   -999.900
    -49.770     -8.428    -63.576   -999.900   -999.900     55.148      0.000    -49.770    -49.770     -8.428    -74.546   -999.900   -999.900
    -54.770    -13.211    -63.743   -999.900   -999.900     50.532      0.000    -54.770    -54.770    -13.211    -77.322   -999.900   -999.900
    -59.770    -18.088    -63.814   -999.900   -999.900     45.725      0.000    -59.770    -59.770    -18.088    -79.294   -999.900   -999.900
    -64.770    -23.086    -63.869   -999.900   -999.900     40.783      0.000    -64.770    -64.770    -23.086    -81.888   -999.900   -999.900
    -69.770    -27.933    -63.873   -999.900   -999.900     35.940      0.000    -69.770    -69.770    -27.934    -82.143   -999.900   -999.900
    -74.770    -32.788    -63.764   -999.900   -999.900     30.977      0.000    -74.770    -74.770    -32.792    -77.824   -999.900   -999.900
    -79.770    -38.985    -63.774   -999.900   -999.900     24.789      0.000    -79.770    -79.770    -39.003    -78.082   -999.900   -999.900
    -84.770    -43.732    -63.841   -999.900   -999.900     20.109      0.000    -84.770    -84.770    -43.785    -80.389   -999.900   -999.900
    -89.770    -48.540    -63.838   -999.900   -999.900     15.298      0.000    -89.770    -89.770    -48.703    -80.270   -999.900   -999.900
    -94.770    -52.981    -63.762   -999.900   -999.900     10.782      0.000    -94.770    -94.770    -53.450    -77.769   -999.900   -999.900
    -99.770    -56.991    -63.581   -999.900   -999.900      6.590      0.000    -99.770    -99.770    -58.286    -74.611   -999.900   -999.900
   -104.770    -60.072    -63.791   -999.900   -999.900      3.719      0.000   -104.770   -104.770    -63.297    -78.561   -999.900   -999.900
   -109.770    -61.882    -63.822   -999.900   -999.900      1.941      0.000   -109.770   -109.770    -68.763    -79.622   -999.900   -999.900
   -114.770    -62.184    -63.867   -999.900   -999.900      1.683      0.000   -114.770   -114.770    -70.490    -81.779   -999.900   -999.900
   -119.770    -63.144    -63.949   -999.900   -999.900      0.806      0.000   -119.770   -119.770    -70.490    -81.779   -999.900   -999.900
   -124.770    -63.139    -63.969   -999.900   -999.900      0.830      0.000   -124.770   -124.770    -70.490    -81.779   -999.900   -999.900
   -129.770    -63.128    -63.968   -999.900   -999.900      0.840      0.000   -129.770   -129.770    -70.490    -81.779   -999.900   -999.900
