    -30.000      9.277    -53.567   -999.900   -999.900     62.844      0.000    -30.000    -30.000      9.277    -61.390   -999.900   -999.900
    -35.000      9.081    -52.836   -999.900   -999.900     61.917      0.000    -35.000    -35.000      9.081    -58.146   -999.900   -999.900
    -40.000      6.910    -53.170   -999.900   -999.900     60.080      0.000    -40.000    -40.000      6.910    -59.405   -999.900   -999.900
    -45.000      2.752    -53.783   -999.900   -999.900     56.535      0.000    -45.000    -45.000      2.752    -62.901   -999.900   -999.900
    -50.000     -1.959    -54.089   -999.900   -999.900     52.130      0.000    -50.000    -50.000     -1.959    -66.421   -999.900   -999.900
    -55.000     -6.832    -54.281   -999.900   -999.900     47.449      0.000    -55.000    -55.000     -6.833    -72.294   -999.900   -999.900
    -60.000    -11.768    -54.305   -999.900   -999.900     42.537      0.000    -60.000    -60.000    -11.768    -74.091   -999.900   -999.900
    -65.000    -16.306    -54.303   -999.900   -999.900     37.998      0.000    -65.000    -65.000    -16.306    -73.947   -999.900   -999.900
    -70.000    -21.600    -54.264   -999.900   -999.900     32.664      0.000    -70.000    -70.000    -21.602    -71.308   -999.900   -999.900
    -75.000    -26.553    -54.224   -999.900   -999.900     27.671      0.000    -75.000    -75.000    -26.561    -69.644   -999.900   -999.900
    -80.000    -31.716    -54.199   -999.900   -999.900     22.483      0.000    -80.000    -80.000    -31.741    -68.854   -999.900   -999.900
    -85.000    -37.111    -54.229   -999.900   -999.900     17.118      0.000    -85.000    -85.000    -37.199    -69.821   -999.900   -999.900
    -90.000    -42.394    -54.256   -999.900   -999.900     11.862      0.000    -90.000    -90.000    -42.699    -70.937   -999.900   -999.900
    -95.000    -54.081    -54.349   -999.900   -999.900      0.268      0.000    -95.000    -95.000    -85.617    -89.120   -999.900   -999.900
   -100.000    -54.081    -54.358   -999.900   -999.900      0.277      0.000   -100.000   -100.000    -84.885    -89.120   -999.900   -999.900
   -105.000    -54.090    -54.360   -999.900   -999.900      0.269      0.000   -105.000   -105.000    -84.885    -89.120   -999.900   -999.900
   -110.000    -54.081    -54.349   -999.900   -999.900      0.268      0.000   -110.000   -110.000    -84.885    -89.120   -999.900   -999.900
   -115.000    -54.090    -54.337   -999.900   -999.900      0.246      0.000   -115.000   -115.000    -84.885    -89.120   -999.900   -999.900
   -120.000    -54.082    -54.354   -999.900   -999.900      0.271      0.000   -120.000   -120.000    -84.885    -89.120   -999.900   -999.900
   -125.000    -54.081    -54.348   -999.900   -999.900      0.267      0.000   -125.000   -125.000    -84.885    -89.120   -999.900   -999.900
   -130.000    -54.082    -54.356   -999.900   -999.900      0.274      0.000   -130.000   -130.000    -84.885    -89.120   -999.900   -999.900
   -135.000    -54.097    -54.350   -999.900   -999.900      0.253      0.000   -135.000   -135.000    -84.885    -89.120   -999.900   -999.900
   -140.000    -54.078    -54.361   -999.900   -999.900      0.284      0.000   -140.000   -140.000    -84.885    -89.120   -999.900   -999.900
