    -27.030      8.066    -64.951   -999.900   -999.900     73.017      0.000    -27.030    -27.030      8.066    -66.832   -999.900   -999.900
    -29.030      6.714    -66.221   -999.900   -999.900     72.935      0.000    -29.030    -29.030      6.714    -68.986   -999.900   -999.900
    -31.030      5.065    -67.199   -999.900   -999.900     72.263      0.000    -31.030    -31.030      5.065    -71.069   -999.900   -999.900
    -33.030      3.208    -67.913   -999.900   -999.900     71.121      0.000    -33.030    -33.030      3.208    -73.075   -999.900   -999.900
    -35.030      1.310    -68.443   -999.900   -999.900     69.753      0.000    -35.030    -35.030      1.310    -75.129   -999.900   -999.900
    -38.030     -1.591    -68.974   -999.900   -999.900     67.382      0.000    -38.030    -38.030     -1.591    -78.466   -999.900   -999.900
    -43.030     -6.508    -69.334   -999.900   -999.900     62.826      0.000    -43.030    -43.030     -6.508    -83.822   -999.900   -999.900
    -48.030    -11.485    -69.444   -999.900   -999.900     57.959      0.000    -48.030    -48.030    -11.485    -89.051   -999.900   -999.900
    -53.030    -16.455    -69.478   -999.900   -999.900     53.024      0.000    -53.030    -53.030    -16.455    -94.691   -999.900   -999.900
    -58.030    -21.428    -69.484   -999.900   -999.900     48.056      0.000    -58.030    -58.030    -21.428    -97.445   -999.900   -999.900
    -63.030    -26.376    -69.496   -999.900   -999.900     43.120      0.000    -63.030    -63.030    -26.376    -97.445   -999.900   -999.900
    -68.030    -31.378    -69.503   -999.900   -999.900     38.126      0.000    -68.030    -68.030    -31.379    -97.445   -999.900   -999.900
    -73.030    -36.243    -69.499   -999.900   -999.900     33.256      0.000    -73.030    -73.030    -36.246    -97.445   -999.900   -999.900
    -78.030    -41.227    -69.509   -999.900   -999.900     28.282      0.000    -78.030    -78.030    -41.236    -97.445   -999.900   -999.900
    -83.030    -46.092    -69.509   -999.900   -999.900     23.417      0.000    -83.030    -83.030    -46.121    -97.445   -999.900   -999.900
    -88.030    -50.918    -69.487   -999.900   -999.900     18.569      0.000    -88.030    -88.030    -51.006    -97.445   -999.900   -999.900
    -93.030    -55.554    -69.493   -999.900   -999.900     13.939      0.000    -93.030    -93.030    -55.815    -97.445   -999.900   -999.900
    -97.030    -59.157    -69.496   -999.900   -999.900     10.339      0.000    -97.030    -97.030    -59.780    -97.445   -999.900   -999.900
   -101.030    -62.145    -69.503   -999.900   -999.900      7.358      0.000   -101.030   -101.030    -63.486    -97.445   -999.900   -999.900
   -103.030    -63.530    -69.502   -999.900   -999.900      5.972      0.000   -103.030   -103.030    -65.506    -97.445   -999.900   -999.900
   -105.030    -64.593    -69.505   -999.900   -999.900      4.912      0.000   -105.030   -105.030    -67.324    -97.445   -999.900   -999.900
   -107.030    -65.408    -69.507   -999.900   -999.900      4.099      0.000   -107.030   -107.030    -69.004    -97.445   -999.900   -999.900
   -110.030    -66.173    -69.478   -999.900   -999.900      3.305      0.000   -110.030   -110.030    -71.010    -97.445   -999.900   -999.900
   -113.030    -66.841    -69.437   -999.900   -999.900      2.596      0.000   -113.030   -113.030    -73.483    -97.445   -999.900   -999.900
   -118.030    -67.458    -69.465   -999.900   -999.900      2.007      0.000   -118.030   -118.030    -77.588    -97.445   -999.900   -999.900
   -123.030    -67.813    -69.490   -999.900   -999.900      1.677      0.000   -123.030   -123.030    -84.736    -97.445   -999.900   -999.900
   -128.030    -67.818    -69.463   -999.900   -999.900      1.644      0.000   -128.030   -128.030    -85.020    -97.445   -999.900   -999.900
   -133.030    -67.932    -69.495   -999.900   -999.900      1.564      0.000   -133.030   -133.030    -85.020    -97.445   -999.900   -999.900
   -138.030    -67.936    -69.495   -999.900   -999.900      1.559      0.000   -138.030   -138.030    -85.020    -97.445   -999.900   -999.900
   -143.030    -67.940    -69.483   -999.900   -999.900      1.544      0.000   -143.030   -143.030    -85.020    -97.445   -999.900   -999.900
   -148.030    -68.013    -69.498   -999.900   -999.900      1.486      0.000   -148.030   -148.030    -85.020    -97.445   -999.900   -999.900
   -148.030    -68.011    -69.506   -999.900   -999.900      1.494      0.000   -148.030   -148.030    -85.020    -97.445   -999.900   -999.900
   -153.030    -68.011    -69.499   -999.900   -999.900      1.488      0.000   -153.030   -153.030    -85.020    -97.445   -999.900   -999.900
   -158.030    -68.010    -69.502   -999.900   -999.900      1.492      0.000   -158.030   -158.030    -85.020    -97.445   -999.900   -999.900
   -163.030    -68.010    -69.508   -999.900   -999.900      1.499      0.000   -163.030   -163.030    -85.020    -97.445   -999.900   -999.900
