    -36.150      5.428    -56.872   -999.900   -999.900     62.300      0.000    -36.150    -36.150      5.428    -59.288   -999.900   -999.900
    -41.150      1.085    -59.288   -999.900   -999.900     60.373      0.000    -41.150    -41.150      1.085    -65.209   -999.900   -999.900
    -46.150     -3.573    -60.042   -999.900   -999.900     56.469      0.000    -46.150    -46.150     -3.573    -69.444   -999.900   -999.900
    -51.150     -8.482    -60.297   -999.900   -999.900     51.816      0.000    -51.150    -51.150     -8.482    -72.439   -999.900   -999.900
    -56.150    -13.408    -60.077   -999.900   -999.900     46.669      0.000    -56.150    -56.150    -13.408    -69.763   -999.900   -999.900
    -61.150    -18.260    -59.719   -999.900   -999.900     41.459      0.000    -61.150    -61.150    -18.260    -67.211   -999.900   -999.900
    -66.150    -23.217    -59.982   -999.900   -999.900     36.765      0.000    -66.150    -66.150    -23.218    -68.948   -999.900   -999.900
    -71.150    -28.191    -59.722   -999.900   -999.900     31.530      0.000    -71.150    -71.150    -28.194    -67.226   -999.900   -999.900
    -76.150    -33.148    -59.645   -999.900   -999.900     26.497      0.000    -76.150    -76.150    -33.157    -66.809   -999.900   -999.900
    -81.930    -39.184    -60.182   -999.900   -999.900     20.998      0.000    -81.930    -81.930    -39.221    -70.852   -999.900   -999.900
    -86.930    -43.920    -59.650   -999.900   -999.900     15.730      0.000    -86.930    -86.930    -44.030    -66.837   -999.900   -999.900
    -91.930    -48.605    -59.552   -999.900   -999.900     10.947      0.000    -91.930    -91.930    -48.938    -66.348   -999.900   -999.900
    -96.930    -53.326    -59.484   -999.900   -999.900      6.158      0.000    -96.930    -96.930    -54.398    -66.032   -999.900   -999.900
   -101.930    -56.768    -59.540   -999.900   -999.900      2.773      0.000   -101.930   -101.930    -59.635    -66.291   -999.900   -999.900
   -106.930    -58.661    -59.745   -999.900   -999.900      1.084      0.000   -106.930   -106.930    -64.636    -67.359   -999.900   -999.900
   -111.930    -59.435    -59.689   -999.900   -999.900      0.254      0.000   -111.930   -111.930    -69.142    -67.042   -999.900   -999.900
   -116.930    -59.634    -59.526   -999.900   -999.900     -0.108      0.000   -116.930   -116.930    -71.502    -66.223   -999.900   -999.900
   -116.930    -59.866    -60.397   -999.900   -999.900      0.530      0.000   -116.930   -116.930    -78.507    -74.442   -999.900   -999.900
   -121.930    -60.055    -61.027   -999.900   -999.900      0.973      0.000   -121.930   -121.930    -78.507    -74.442   -999.900   -999.900
   -126.930    -60.045    -61.048   -999.900   -999.900      1.003      0.000   -126.930   -126.930    -78.507    -74.442   -999.900   -999.900
   -131.930    -60.046    -61.075   -999.900   -999.900      1.029      0.000   -131.930   -131.930    -78.507    -74.442   -999.900   -999.900
