    -27.120      8.206    -53.448   -999.900   -999.900     61.653      0.000    -27.120    -27.120      8.206    -53.556   -999.900   -999.900
    -32.120      4.425    -58.173   -999.900   -999.900     62.597      0.000    -32.120    -32.120      4.425    -58.503   -999.900   -999.900
    -37.120     -0.211    -62.457   -999.900   -999.900     62.246      0.000    -37.120    -37.120     -0.211    -63.408   -999.900   -999.900
    -42.120     -5.029    -65.852   -999.900   -999.900     60.822      0.000    -42.120    -42.120     -5.029    -68.289   -999.900   -999.900
    -47.120    -10.009    -67.673   -999.900   -999.900     57.664      0.000    -47.120    -47.120    -10.009    -72.273   -999.900   -999.900
    -52.120    -15.002    -68.623   -999.900   -999.900     53.621      0.000    -52.120    -52.120    -15.002    -75.905   -999.900   -999.900
    -57.120    -19.969    -69.053   -999.900   -999.900     49.083      0.000    -57.120    -57.120    -19.969    -78.944   -999.900   -999.900
    -62.120    -24.934    -69.286   -999.900   -999.900     44.352      0.000    -62.120    -62.120    -24.934    -82.042   -999.900   -999.900
    -67.120    -29.948    -69.379   -999.900   -999.900     39.432      0.000    -67.120    -67.120    -29.948    -84.271   -999.900   -999.900
    -72.120    -34.957    -69.400   -999.900   -999.900     34.443      0.000    -72.120    -72.120    -34.959    -84.961   -999.900   -999.900
    -77.120    -39.930    -69.437   -999.900   -999.900     29.507      0.000    -77.120    -77.120    -39.937    -86.532   -999.900   -999.900
    -82.120    -44.969    -69.447   -999.900   -999.900     24.478      0.000    -82.120    -82.120    -44.990    -87.121   -999.900   -999.900
    -87.120    -49.944    -69.455   -999.900   -999.900     19.511      0.000    -87.120    -87.120    -50.011    -87.605   -999.900   -999.900
    -92.120    -54.785    -69.464   -999.900   -999.900     14.679      0.000    -92.120    -92.120    -54.991    -88.207   -999.900   -999.900
    -97.120    -59.495    -69.477   -999.900   -999.900      9.982      0.000    -97.120    -97.120    -60.135    -89.307   -999.900   -999.900
   -102.120    -63.315    -69.471   -999.900   -999.900      6.155      0.000   -102.120   -102.120    -65.058    -88.739   -999.900   -999.900
   -107.120    -65.887    -69.473   -999.900   -999.900      3.586      0.000   -107.120   -107.120    -69.839    -88.970   -999.900   -999.900
   -112.120    -67.264    -69.469   -999.900   -999.900      2.205      0.000   -112.120   -112.120    -74.722    -88.612   -999.900   -999.900
   -117.120    -67.873    -69.444   -999.900   -999.900      1.571      0.000   -117.120   -117.120    -80.389    -86.920   -999.900   -999.900
   -122.120    -68.053    -69.463   -999.900   -999.900      1.410      0.000   -122.120   -122.120    -85.979    -88.141   -999.900   -999.900
   -127.120    -68.113    -69.459   -999.900   -999.900      1.346      0.000   -127.120   -127.120    -94.410    -87.881   -999.900   -999.900
   -132.120    -68.187    -69.562   -999.900   -999.900      1.375      0.000   -132.120   -132.120    -94.410    -87.881   -999.900   -999.900
   -132.120    -68.193    -69.556   -999.900   -999.900      1.362      0.000   -132.120   -132.120    -94.410    -87.881   -999.900   -999.900
   -137.120    -68.194    -69.562   -999.900   -999.900      1.368      0.000   -137.120   -137.120    -94.410    -87.881   -999.900   -999.900
   -142.120    -68.193    -69.567   -999.900   -999.900      1.373      0.000   -142.120   -142.120    -94.410    -87.881   -999.900   -999.900
   -147.120    -68.191    -69.567   -999.900   -999.900      1.376      0.000   -147.120   -147.120    -94.410    -87.881   -999.900   -999.900
