    -56.520    -21.109    -69.194   -999.900   -999.900     48.085      0.000    -56.520    -56.520    -21.109    -81.702   -999.900   -999.900
    -61.520    -26.094    -69.124   -999.900   -999.900     43.030      0.000    -61.520    -61.520    -26.095    -80.596   -999.900   -999.900
    -66.520    -31.105    -69.239   -999.900   -999.900     38.134      0.000    -66.520    -66.520    -31.106    -82.575   -999.900   -999.900
    -71.520    -36.010    -69.204   -999.900   -999.900     33.194      0.000    -71.520    -71.520    -36.015    -81.880   -999.900   -999.900
    -76.520    -40.969    -69.213   -999.900   -999.900     28.244      0.000    -76.520    -76.520    -40.985    -82.050   -999.900   -999.900
    -81.520    -45.748    -69.238   -999.900   -999.900     23.490      0.000    -81.520    -81.520    -45.798    -82.549   -999.900   -999.900
    -86.520    -50.432    -69.322   -999.900   -999.900     18.890      0.000    -86.520    -86.520    -50.579    -84.866   -999.900   -999.900
    -91.520    -54.695    -69.264   -999.900   -999.900     14.569      0.000    -91.520    -91.520    -55.098    -83.161   -999.900   -999.900
    -96.520    -58.843    -69.145   -999.900   -999.900     10.302      0.000    -96.520    -96.520    -59.980    -80.902   -999.900   -999.900
   -101.520    -62.331    -69.273   -999.900   -999.900      6.942      0.000   -101.520   -101.520    -65.469    -83.382   -999.900   -999.900
   -106.520    -64.212    -69.292   -999.900   -999.900      5.080      0.000   -106.520   -106.520    -71.056    -83.892   -999.900   -999.900
   -111.520    -66.145    -69.219   -999.900   -999.900      3.075      0.000   -111.520   -111.520    -71.056    -82.169   -999.900   -999.900
   -116.520    -59.881    -69.283   -999.900   -999.900      9.402      0.000   -116.520   -116.520    -71.056    -83.633   -999.900   -999.900
   -121.520    -68.091    -69.482   -999.900   -999.900      1.391      0.000   -121.520   -121.520    -71.056    -83.633   -999.900   -999.900
   -121.520    -68.089    -69.477   -999.900   -999.900      1.388      0.000   -121.520   -121.520    -71.056    -83.633   -999.900   -999.900
   -126.520    -68.090    -69.473   -999.900   -999.900      1.382      0.000   -126.520   -126.520    -71.056    -83.633   -999.900   -999.900
   -131.520    -68.081    -69.483   -999.900   -999.900      1.402      0.000   -131.520   -131.520    -71.056    -83.633   -999.900   -999.900
   -136.520    -68.088    -69.478   -999.900   -999.900      1.390      0.000   -136.520   -136.520    -71.056    -83.633   -999.900   -999.900
