    -36.030      8.159    -55.414   -999.900   -999.900     63.573      0.000    -36.030    -36.030      8.159    -55.778   -999.900   -999.900
    -38.030      6.830    -57.452   -999.900   -999.900     64.282      0.000    -38.030    -38.030      6.830    -58.049   -999.900   -999.900
    -40.030      5.191    -59.202   -999.900   -999.900     64.393      0.000    -40.030    -40.030      5.191    -60.129   -999.900   -999.900
    -42.030      3.354    -60.862   -999.900   -999.900     64.216      0.000    -42.030    -42.030      3.354    -62.300   -999.900   -999.900
    -44.030      1.454    -62.256   -999.900   -999.900     63.710      0.000    -44.030    -44.030      1.454    -64.391   -999.900   -999.900
    -47.030     -1.458    -63.953   -999.900   -999.900     62.495      0.000    -47.030    -47.030     -1.458    -67.660   -999.900   -999.900
    -52.030     -6.361    -65.467   -999.900   -999.900     59.106      0.000    -52.030    -52.030     -6.361    -72.759   -999.900   -999.900
    -57.030    -11.328    -66.116   -999.900   -999.900     54.788      0.000    -57.030    -57.030    -11.328    -78.684   -999.900   -999.900
    -62.030    -16.268    -66.306   -999.900   -999.900     50.039      0.000    -62.030    -62.030    -16.268    -85.166   -999.900   -999.900
    -67.030    -21.244    -66.385   -999.900   -999.900     45.141      0.000    -67.030    -67.030    -21.244    -85.166   -999.900   -999.900
    -72.030    -26.190    -66.378   -999.900   -999.900     40.188      0.000    -72.030    -72.030    -26.191    -85.166   -999.900   -999.900
    -77.030    -31.183    -66.398   -999.900   -999.900     35.215      0.000    -77.030    -77.030    -31.185    -85.166   -999.900   -999.900
    -82.030    -36.012    -66.377   -999.900   -999.900     30.365      0.000    -82.030    -82.030    -36.018    -85.166   -999.900   -999.900
    -87.030    -40.950    -66.386   -999.900   -999.900     25.436      0.000    -87.030    -87.030    -40.970    -85.166   -999.900   -999.900
    -92.030    -45.633    -66.364   -999.900   -999.900     20.731      0.000    -92.030    -92.030    -45.693    -85.166   -999.900   -999.900
    -97.030    -50.313    -66.378   -999.900   -999.900     16.065      0.000    -97.030    -97.030    -50.490    -85.166   -999.900   -999.900
   -102.030    -54.477    -66.375   -999.900   -999.900     11.898      0.000   -102.030   -102.030    -54.956    -85.166   -999.900   -999.900
   -106.030    -57.586    -66.353   -999.900   -999.900      8.767      0.000   -106.030   -106.030    -58.630    -85.166   -999.900   -999.900
   -110.030    -59.933    -66.308   -999.900   -999.900      6.375      0.000   -110.030   -110.030    -61.919    -85.166   -999.900   -999.900
   -112.030    -60.966    -66.289   -999.900   -999.900      5.323      0.000   -112.030   -112.030    -63.688    -85.166   -999.900   -999.900
   -114.030    -61.783    -66.310   -999.900   -999.900      4.527      0.000   -114.030   -114.030    -65.370    -85.166   -999.900   -999.900
   -116.030    -62.399    -66.305   -999.900   -999.900      3.905      0.000   -116.030   -116.030    -66.931    -85.166   -999.900   -999.900
   -119.030    -63.148    -66.318   -999.900   -999.900      3.170      0.000   -119.030   -119.030    -69.524    -85.166   -999.900   -999.900
   -122.030    -63.484    -66.308   -999.900   -999.900      2.824      0.000   -122.030   -122.030    -71.223    -85.166   -999.900   -999.900
   -127.030    -64.125    -66.353   -999.900   -999.900      2.228      0.000   -127.030   -127.030    -78.545    -85.166   -999.900   -999.900
   -132.030    -64.389    -66.347   -999.900   -999.900      1.958      0.000   -132.030   -132.030    -78.545    -85.166   -999.900   -999.900
   -137.030    -64.526    -66.333   -999.900   -999.900      1.807      0.000   -137.030   -137.030    -78.545    -85.166   -999.900   -999.900
   -142.030    -64.570    -66.310   -999.900   -999.900      1.739      0.000   -142.030   -142.030    -78.545    -85.166   -999.900   -999.900
   -147.030    -64.630    -66.371   -999.900   -999.900      1.741      0.000   -147.030   -147.030    -78.545    -85.166   -999.900   -999.900
   -152.030    -64.752    -66.060   -999.900   -999.900      1.308      0.000   -152.030   -152.030    -78.545    -85.166   -999.900   -999.900
   -157.030    -65.003    -66.478   -999.900   -999.900      1.475      0.000   -157.030   -157.030    -78.545    -85.166   -999.900   -999.900
   -157.030    -65.006    -66.478   -999.900   -999.900      1.473      0.000   -157.030   -157.030    -78.545    -85.166   -999.900   -999.900
   -162.030    -65.005    -66.483   -999.900   -999.900      1.478      0.000   -162.030   -162.030    -78.545    -85.166   -999.900   -999.900
   -167.030    -65.003    -66.478   -999.900   -999.900      1.475      0.000   -167.030   -167.030    -78.545    -85.166   -999.900   -999.900
   -172.030    -65.004    -66.484   -999.900   -999.900      1.480      0.000   -172.030   -172.030    -78.545    -85.166   -999.900   -999.900
