    -56.520    -21.114    -69.227   -999.900   -999.900     48.113      0.000    -56.520    -56.520    -21.115    -82.018   -999.900   -999.900
    -61.520    -26.093    -69.303   -999.900   -999.900     43.210      0.000    -61.520    -61.520    -26.094    -83.766   -999.900   -999.900
    -66.520    -31.070    -69.292   -999.900   -999.900     38.222      0.000    -66.520    -66.520    -31.071    -83.450   -999.900   -999.900
    -71.520    -35.994    -69.273   -999.900   -999.900     33.279      0.000    -71.520    -71.520    -35.997    -82.985   -999.900   -999.900
    -76.520    -40.924    -69.340   -999.900   -999.900     28.416      0.000    -76.520    -76.520    -40.933    -84.915   -999.900   -999.900
    -81.520    -45.845    -69.283   -999.900   -999.900     23.437      0.000    -81.520    -81.520    -45.873    -83.215   -999.900   -999.900
    -86.520    -50.583    -69.300   -999.900   -999.900     18.717      0.000    -86.520    -86.520    -50.668    -83.671   -999.900   -999.900
    -91.520    -55.097    -69.244   -999.900   -999.900     14.147      0.000    -91.520    -91.520    -55.341    -82.357   -999.900   -999.900
    -96.520    -58.955    -69.237   -999.900   -999.900     10.283      0.000    -96.520    -96.520    -59.572    -82.217   -999.900   -999.900
   -101.520    -62.102    -69.197   -999.900   -999.900      7.095      0.000   -101.520   -101.520    -63.491    -81.480   -999.900   -999.900
   -106.520    -64.355    -69.202   -999.900   -999.900      4.847      0.000   -106.520   -106.520    -67.029    -81.565   -999.900   -999.900
   -111.520    -65.754    -69.269   -999.900   -999.900      3.515      0.000   -111.520   -111.520    -70.124    -82.892   -999.900   -999.900
   -116.520    -66.247    -69.373   -999.900   -999.900      3.126      0.000   -116.520   -116.520    -71.635    -86.311   -999.900   -999.900
   -121.520    -68.091    -69.480   -999.900   -999.900      1.389      0.000   -121.520   -121.520    -71.635    -86.311   -999.900   -999.900
   -121.520    -68.101    -69.479   -999.900   -999.900      1.379      0.000   -121.520   -121.520    -71.635    -86.311   -999.900   -999.900
   -126.520    -68.094    -69.482   -999.900   -999.900      1.389      0.000   -126.520   -126.520    -71.635    -86.311   -999.900   -999.900
   -131.520    -68.103    -69.479   -999.900   -999.900      1.376      0.000   -131.520   -131.520    -71.635    -86.311   -999.900   -999.900
   -136.520    -68.102    -69.478   -999.900   -999.900      1.376      0.000   -136.520   -136.520    -71.635    -86.311   -999.900   -999.900
