    -26.500      8.290    -55.565   -999.900   -999.900     63.854      0.000    -26.500    -26.500      8.290    -55.745   -999.900   -999.900
    -28.500      7.024    -57.373   -999.900   -999.900     64.397      0.000    -28.500    -28.500      7.024    -57.649   -999.900   -999.900
    -30.500      5.460    -59.062   -999.900   -999.900     64.523      0.000    -30.500    -30.500      5.460    -59.476   -999.900   -999.900
    -32.500      3.740    -60.727   -999.900   -999.900     64.466      0.000    -32.500    -32.500      3.740    -61.348   -999.900   -999.900
    -34.500      1.969    -62.229   -999.900   -999.900     64.199      0.000    -34.500    -34.500      1.969    -63.135   -999.900   -999.900
    -37.500     -0.804    -64.351   -999.900   -999.900     63.547      0.000    -37.500    -37.500     -0.804    -65.944   -999.900   -999.900
    -42.500     -5.369    -66.849   -999.900   -999.900     61.480      0.000    -42.500    -42.500     -5.369    -70.274   -999.900   -999.900
    -47.500    -10.350    -68.443   -999.900   -999.900     58.093      0.000    -47.500    -47.500    -10.350    -75.170   -999.900   -999.900
    -52.500    -15.341    -69.056   -999.900   -999.900     53.715      0.000    -52.500    -52.500    -15.341    -79.371   -999.900   -999.900
    -57.500    -20.313    -69.327   -999.900   -999.900     49.014      0.000    -57.500    -57.500    -20.313    -83.927   -999.900   -999.900
    -62.500    -25.278    -69.382   -999.900   -999.900     44.104      0.000    -62.500    -62.500    -25.278    -85.903   -999.900   -999.900
    -67.500    -30.273    -69.426   -999.900   -999.900     39.152      0.000    -67.500    -67.500    -30.274    -88.457   -999.900   -999.900
    -72.500    -35.275    -69.429   -999.900   -999.900     34.153      0.000    -72.500    -72.500    -35.278    -88.741   -999.900   -999.900
    -77.500    -40.228    -69.427   -999.900   -999.900     29.200      0.000    -77.500    -77.500    -40.235    -88.615   -999.900   -999.900
    -82.500    -45.186    -69.447   -999.900   -999.900     24.261      0.000    -82.500    -82.500    -45.209    -90.620   -999.900   -999.900
    -87.500    -49.686    -69.427   -999.900   -999.900     19.741      0.000    -87.500    -87.500    -49.752    -88.559   -999.900   -999.900
    -92.500    -53.890    -69.442   -999.900   -999.900     15.552      0.000    -92.500    -92.500    -54.066    -90.040   -999.900   -999.900
    -96.500    -57.114    -69.448   -999.900   -999.900     12.334      0.000    -96.500    -96.500    -57.492    -90.771   -999.900   -999.900
   -100.500    -60.037    -69.457   -999.900   -999.900      9.421      0.000   -100.500   -100.500    -60.811    -92.287   -999.900   -999.900
   -102.500    -61.178    -69.422   -999.900   -999.900      8.244      0.000   -102.500   -102.500    -62.215    -88.195   -999.900   -999.900
   -104.500    -62.249    -69.445   -999.900   -999.900      7.196      0.000   -104.500   -104.500    -63.627    -90.445   -999.900   -999.900
   -106.500    -63.254    -69.425   -999.900   -999.900      6.171      0.000   -106.500   -106.500    -65.076    -88.430   -999.900   -999.900
   -109.500    -64.446    -69.443   -999.900   -999.900      4.997      0.000   -109.500   -109.500    -67.048    -90.120   -999.900   -999.900
   -112.500    -65.366    -69.446   -999.900   -999.900      4.080      0.000   -112.500   -112.500    -68.904    -90.520   -999.900   -999.900
   -117.500    -66.861    -69.436   -999.900   -999.900      2.575      0.000   -117.500   -117.500    -73.560    -89.374   -999.900   -999.900
   -122.500    -67.543    -69.451   -999.900   -999.900      1.908      0.000   -122.500   -122.500    -78.505    -91.218   -999.900   -999.900
   -127.500    -67.871    -69.396   -999.900   -999.900      1.525      0.000   -127.500   -127.500    -88.811    -86.586   -999.900   -999.900
   -132.500    -67.947    -69.460   -999.900   -999.900      1.512      0.000   -132.500   -132.500    -88.811    -92.714   -999.900   -999.900
   -137.500    -68.012    -69.469   -999.900   -999.900      1.456      0.000   -137.500   -137.500    -88.811    -95.279   -999.900   -999.900
   -142.500    -68.038    -69.467   -999.900   -999.900      1.430      0.000   -142.500   -142.500    -88.811    -94.769   -999.900   -999.900
   -147.500    -68.172    -69.526   -999.900   -999.900      1.354      0.000   -147.500   -147.500    -88.811    -94.769   -999.900   -999.900
   -147.500    -68.180    -69.527   -999.900   -999.900      1.347      0.000   -147.500   -147.500    -88.811    -94.769   -999.900   -999.900
   -152.500    -68.181    -69.523   -999.900   -999.900      1.342      0.000   -152.500   -152.500    -88.811    -94.769   -999.900   -999.900
   -157.500    -68.176    -69.514   -999.900   -999.900      1.338      0.000   -157.500   -157.500    -88.811    -94.769   -999.900   -999.900
   -162.500    -68.183    -69.515   -999.900   -999.900      1.332      0.000   -162.500   -162.500    -88.811    -94.769   -999.900   -999.900
