    -34.430     -0.793    -67.698   -999.900   -999.900     66.904      0.000    -34.430    -34.430     -0.793    -72.020   -999.900   -999.900
    -39.430     -5.585    -67.736   -999.900   -999.900     62.151      0.000    -39.430    -39.430     -5.585    -72.125   -999.900   -999.900
    -44.430    -10.454    -67.564   -999.900   -999.900     57.109      0.000    -44.430    -44.430    -10.454    -71.667   -999.900   -999.900
    -49.430    -15.344    -67.620   -999.900   -999.900     52.276      0.000    -49.430    -49.430    -15.344    -71.813   -999.900   -999.900
    -54.430    -20.156    -67.531   -999.900   -999.900     47.375      0.000    -54.430    -54.430    -20.156    -71.583   -999.900   -999.900
    -59.430    -24.966    -67.079   -999.900   -999.900     42.113      0.000    -59.430    -59.430    -24.967    -70.515   -999.900   -999.900
    -64.430    -29.790    -67.144   -999.900   -999.900     37.354      0.000    -64.430    -64.430    -29.791    -70.660   -999.900   -999.900
    -69.430    -34.587    -67.244   -999.900   -999.900     32.657      0.000    -69.430    -69.430    -34.588    -70.888   -999.900   -999.900
    -74.430    -39.379    -67.350   -999.900   -999.900     27.971      0.000    -74.430    -74.430    -39.384    -71.138   -999.900   -999.900
    -79.430    -44.081    -67.270   -999.900   -999.900     23.188      0.000    -79.430    -79.430    -44.096    -70.947   -999.900   -999.900
   -119.430    -68.876    -69.697   -999.900   -999.900      0.821      0.000   -119.430   -119.430   -101.438    -99.483   -999.900   -999.900
   -119.430    -68.878    -69.695   -999.900   -999.900      0.817      0.000   -119.430   -119.430   -112.196    -97.957   -999.900   -999.900
   -124.430    -68.875    -69.702   -999.900   -999.900      0.828      0.000   -124.430   -124.430    -99.794    -97.957   -999.900   -999.900
   -129.430    -68.879    -69.700   -999.900   -999.900      0.821      0.000   -129.430   -129.430    -99.794    -97.957   -999.900   -999.900
   -134.430    -68.881    -69.702   -999.900   -999.900      0.821      0.000   -134.430   -134.430    -99.794    -97.957   -999.900   -999.900
