    -26.700      8.476    -56.502   -999.900   -999.900     64.978      0.000    -26.700    -26.700      8.476    -56.708   -999.900   -999.900
    -28.700      7.409    -58.111   -999.900   -999.900     65.520      0.000    -28.700    -28.700      7.409    -58.414   -999.900   -999.900
    -30.700      5.990    -59.762   -999.900   -999.900     65.751      0.000    -30.700    -30.700      5.990    -60.212   -999.900   -999.900
    -32.700      4.411    -61.301   -999.900   -999.900     65.713      0.000    -32.700    -32.700      4.411    -61.957   -999.900   -999.900
    -34.700      2.787    -62.739   -999.900   -999.900     65.526      0.000    -34.700    -34.700      2.787    -63.682   -999.900   -999.900
    -37.700      0.222    -64.665   -999.900   -999.900     64.887      0.000    -37.700    -37.700      0.222    -66.240   -999.900   -999.900
    -42.700     -3.928    -67.105   -999.900   -999.900     63.176      0.000    -42.700    -42.700     -3.928    -70.416   -999.900   -999.900
    -47.700     -8.906    -68.653   -999.900   -999.900     59.747      0.000    -47.700    -47.700     -8.906    -74.885   -999.900   -999.900
    -52.700    -13.907    -69.343   -999.900   -999.900     55.436      0.000    -52.700    -52.700    -13.907    -79.051   -999.900   -999.900
    -57.700    -18.875    -69.567   -999.900   -999.900     50.692      0.000    -57.700    -57.700    -18.875    -81.810   -999.900   -999.900
    -62.700    -23.838    -69.678   -999.900   -999.900     45.839      0.000    -62.700    -62.700    -23.838    -84.197   -999.900   -999.900
    -67.700    -28.846    -69.705   -999.900   -999.900     40.859      0.000    -67.700    -67.700    -28.846    -85.041   -999.900   -999.900
    -72.700    -33.839    -69.737   -999.900   -999.900     35.898      0.000    -72.700    -72.700    -33.841    -86.303   -999.900   -999.900
    -77.700    -38.808    -69.741   -999.900   -999.900     30.932      0.000    -77.700    -77.700    -38.814    -86.468   -999.900   -999.900
    -82.700    -43.816    -69.723   -999.900   -999.900     25.908      0.000    -82.700    -82.700    -43.833    -85.722   -999.900   -999.900
    -87.700    -48.091    -69.732   -999.900   -999.900     21.641      0.000    -87.700    -87.700    -48.139    -86.070   -999.900   -999.900
    -92.700    -51.738    -69.723   -999.900   -999.900     17.985      0.000    -92.700    -92.700    -51.849    -85.713   -999.900   -999.900
    -96.700    -54.646    -69.755   -999.900   -999.900     15.109      0.000    -96.700    -96.700    -54.866    -87.232   -999.900   -999.900
   -100.700    -57.439    -69.729   -999.900   -999.900     12.291      0.000   -100.700   -100.700    -57.866    -85.971   -999.900   -999.900
   -102.700    -58.590    -69.733   -999.900   -999.900     11.143      0.000   -102.700   -102.700    -59.156    -86.127   -999.900   -999.900
   -104.700    -59.744    -69.722   -999.900   -999.900      9.978      0.000   -104.700   -104.700    -60.498    -85.661   -999.900   -999.900
   -106.700    -60.585    -69.743   -999.900   -999.900      9.158      0.000   -106.700   -106.700    -61.519    -86.571   -999.900   -999.900
   -109.700    -61.825    -69.739   -999.900   -999.900      7.914      0.000   -109.700   -109.700    -63.118    -86.378   -999.900   -999.900
   -112.700    -62.845    -69.727   -999.900   -999.900      6.882      0.000   -112.700   -112.700    -64.557    -85.883   -999.900   -999.900
   -117.700    -65.654    -69.718   -999.900   -999.900      4.064      0.000   -117.700   -117.700    -69.877    -85.519   -999.900   -999.900
   -122.700    -67.159    -69.727   -999.900   -999.900      2.568      0.000   -122.700   -122.700    -76.347    -85.880   -999.900   -999.900
   -127.700    -67.802    -69.741   -999.900   -999.900      1.939      0.000   -127.700   -127.700    -76.347    -86.489   -999.900   -999.900
   -132.700    -68.000    -69.738   -999.900   -999.900      1.738      0.000   -132.700   -132.700    -76.347    -86.332   -999.900   -999.900
   -137.700    -68.045    -69.736   -999.900   -999.900      1.691      0.000   -137.700   -137.700    -76.347    -86.252   -999.900   -999.900
   -142.700    -68.078    -69.733   -999.900   -999.900      1.655      0.000   -142.700   -142.700    -76.347    -86.114   -999.900   -999.900
   -147.700    -68.188    -69.961   -999.900   -999.900      1.773      0.000   -147.700   -147.700    -76.347    -86.114   -999.900   -999.900
   -147.700    -68.184    -69.967   -999.900   -999.900      1.782      0.000   -147.700   -147.700    -76.347    -86.114   -999.900   -999.900
   -152.700    -68.180    -69.964   -999.900   -999.900      1.784      0.000   -152.700   -152.700    -76.347    -86.114   -999.900   -999.900
   -157.700    -68.186    -69.954   -999.900   -999.900      1.768      0.000   -157.700   -157.700    -76.347    -86.114   -999.900   -999.900
   -162.700    -68.187    -69.950   -999.900   -999.900      1.763      0.000   -162.700   -162.700    -76.347    -86.114   -999.900   -999.900
