    -27.060      8.325    -63.953   -999.900   -999.900     72.278      0.000    -27.060    -27.060      8.325    -65.360   -999.900   -999.900
    -29.060      6.994    -65.283   -999.900   -999.900     72.276      0.000    -29.060    -29.060      6.994    -67.331   -999.900   -999.900
    -31.060      5.303    -66.357   -999.900   -999.900     71.660      0.000    -31.060    -31.060      5.303    -69.211   -999.900   -999.900
    -33.060      3.471    -67.306   -999.900   -999.900     70.778      0.000    -33.060    -33.060      3.471    -71.277   -999.900   -999.900
    -35.060      1.568    -68.041   -999.900   -999.900     69.609      0.000    -35.060    -35.060      1.568    -73.411   -999.900   -999.900
    -38.060     -1.360    -68.798   -999.900   -999.900     67.438      0.000    -38.060    -38.060     -1.360    -76.890   -999.900   -999.900
    -43.060     -6.297    -69.333   -999.900   -999.900     63.035      0.000    -43.060    -43.060     -6.297    -82.846   -999.900   -999.900
    -48.060    -11.296    -69.496   -999.900   -999.900     58.201      0.000    -48.060    -48.060    -11.296    -90.530   -999.900   -999.900
    -53.060    -16.236    -69.542   -999.900   -999.900     53.305      0.000    -53.060    -53.060    -16.236    -90.530   -999.900   -999.900
    -58.060    -21.202    -69.523   -999.900   -999.900     48.321      0.000    -58.060    -58.060    -21.202    -90.530   -999.900   -999.900
    -63.060    -26.176    -69.523   -999.900   -999.900     43.347      0.000    -63.060    -63.060    -26.177    -90.530   -999.900   -999.900
    -68.060    -31.180    -69.523   -999.900   -999.900     38.343      0.000    -68.060    -68.060    -31.181    -90.530   -999.900   -999.900
    -73.060    -36.151    -69.519   -999.900   -999.900     33.367      0.000    -73.060    -73.060    -36.154    -90.530   -999.900   -999.900
    -78.060    -41.176    -69.524   -999.900   -999.900     28.348      0.000    -78.060    -78.060    -41.185    -90.530   -999.900   -999.900
    -83.060    -46.151    -69.532   -999.900   -999.900     23.381      0.000    -83.060    -83.060    -46.180    -90.530   -999.900   -999.900
    -88.060    -51.106    -69.523   -999.900   -999.900     18.416      0.000    -88.060    -88.060    -51.199    -90.530   -999.900   -999.900
    -93.060    -55.822    -69.519   -999.900   -999.900     13.697      0.000    -93.060    -93.060    -56.102    -90.530   -999.900   -999.900
    -97.060    -59.400    -69.522   -999.900   -999.900     10.121      0.000    -97.060    -97.060    -60.067    -90.530   -999.900   -999.900
   -101.060    -62.555    -69.532   -999.900   -999.900      6.977      0.000   -101.060   -101.060    -64.068    -90.530   -999.900   -999.900
   -103.060    -63.892    -69.523   -999.900   -999.900      5.631      0.000   -103.060   -103.060    -66.111    -90.530   -999.900   -999.900
   -105.060    -64.947    -69.529   -999.900   -999.900      4.582      0.000   -105.060   -105.060    -68.048    -90.530   -999.900   -999.900
   -107.060    -65.873    -69.517   -999.900   -999.900      3.644      0.000   -107.060   -107.060    -70.209    -90.530   -999.900   -999.900
   -110.060    -66.780    -69.524   -999.900   -999.900      2.744      0.000   -110.060   -110.060    -73.319    -90.530   -999.900   -999.900
   -113.060    -67.261    -69.520   -999.900   -999.900      2.259      0.000   -113.060   -113.060    -76.102    -90.530   -999.900   -999.900
   -118.060    -67.656    -69.513   -999.900   -999.900      1.857      0.000   -118.060   -118.060    -80.860    -90.530   -999.900   -999.900
   -123.060    -67.817    -69.517   -999.900   -999.900      1.700      0.000   -123.060   -123.060    -87.056    -90.530   -999.900   -999.900
   -128.060    -67.850    -69.526   -999.900   -999.900      1.676      0.000   -128.060   -128.060    -91.317    -90.530   -999.900   -999.900
   -133.060    -67.860    -69.511   -999.900   -999.900      1.651      0.000   -133.060   -133.060    -94.852    -90.530   -999.900   -999.900
   -138.060    -67.873    -69.518   -999.900   -999.900      1.645      0.000   -138.060   -138.060    -94.852    -90.530   -999.900   -999.900
   -143.060    -67.870    -69.513   -999.900   -999.900      1.643      0.000   -143.060   -143.060    -94.852    -90.530   -999.900   -999.900
   -148.060    -67.928    -69.549   -999.900   -999.900      1.622      0.000   -148.060   -148.060    -94.852    -90.530   -999.900   -999.900
   -148.060    -67.927    -69.545   -999.900   -999.900      1.618      0.000   -148.060   -148.060    -94.852    -90.530   -999.900   -999.900
   -153.060    -67.924    -69.547   -999.900   -999.900      1.623      0.000   -153.060   -153.060    -94.852    -90.530   -999.900   -999.900
   -158.060    -67.931    -69.551   -999.900   -999.900      1.620      0.000   -158.060   -158.060    -94.852    -90.530   -999.900   -999.900
   -163.060    -67.932    -69.549   -999.900   -999.900      1.617      0.000   -163.060   -163.060    -94.852    -90.530   -999.900   -999.900
