    -34.770      5.141    -61.355   -999.900   -999.900     66.496      0.000    -34.770    -34.770      5.141    -63.656   -999.900   -999.900
    -39.770      0.574    -63.813   -999.900   -999.900     64.387      0.000    -39.770    -39.770      0.574    -69.409   -999.900   -999.900
    -44.770     -4.159    -64.974   -999.900   -999.900     60.815      0.000    -44.770    -44.770     -4.159    -77.676   -999.900   -999.900
    -49.770     -8.986    -65.186   -999.900   -999.900     56.200      0.000    -49.770    -49.770     -8.986    -87.169   -999.900   -999.900
    -54.770    -13.868    -65.181   -999.900   -999.900     51.313      0.000    -54.770    -54.770    -13.868    -86.443   -999.900   -999.900
    -59.770    -18.728    -65.226   -999.900   -999.900     46.498      0.000    -59.770    -59.770    -18.728    -86.443   -999.900   -999.900
    -64.770    -24.377    -65.274   -999.900   -999.900     40.897      0.000    -64.770    -64.770    -24.378    -86.443   -999.900   -999.900
    -69.770    -29.315    -65.192   -999.900   -999.900     35.877      0.000    -69.770    -69.770    -29.317    -86.443   -999.900   -999.900
    -74.770    -34.150    -65.087   -999.900   -999.900     30.937      0.000    -74.770    -74.770    -34.155    -86.443   -999.900   -999.900
    -79.770    -38.894    -65.187   -999.900   -999.900     26.293      0.000    -79.770    -79.770    -38.910    -86.443   -999.900   -999.900
    -84.770    -43.676    -65.220   -999.900   -999.900     21.544      0.000    -84.770    -84.770    -43.723    -86.443   -999.900   -999.900
    -89.770    -48.484    -65.250   -999.900   -999.900     16.766      0.000    -89.770    -89.770    -48.628    -86.443   -999.900   -999.900
    -94.770    -53.152    -65.253   -999.900   -999.900     12.101      0.000    -94.770    -94.770    -53.588    -86.443   -999.900   -999.900
    -99.770    -57.208    -65.312   -999.900   -999.900      8.104      0.000    -99.770    -99.770    -58.418    -86.443   -999.900   -999.900
   -104.770    -60.556    -65.255   -999.900   -999.900      4.699      0.000   -104.770   -104.770    -63.797    -86.443   -999.900   -999.900
   -109.770    -62.379    -65.172   -999.900   -999.900      2.793      0.000   -109.770   -109.770    -69.371    -86.443   -999.900   -999.900
   -114.770    -63.247    -65.109   -999.900   -999.900      1.862      0.000   -114.770   -114.770    -79.650    -86.443   -999.900   -999.900
   -119.770    -63.283    -65.210   -999.900   -999.900      1.927      0.000   -119.770   -119.770    -81.592    -86.443   -999.900   -999.900
   -124.770    -63.256    -65.216   -999.900   -999.900      1.960      0.000   -124.770   -124.770    -80.062    -86.443   -999.900   -999.900
   -129.770    -63.615    -65.322   -999.900   -999.900      1.707      0.000   -129.770   -129.770    -80.062    -86.443   -999.900   -999.900
