    -34.320    -58.960      4.089   -999.900   -999.900    -63.049      0.000    -34.320    -34.320    -63.831      4.089   -999.900   -999.900
    -39.320    -60.225     -0.352   -999.900   -999.900    -59.873      0.000    -39.320    -39.320    -70.317     -0.352   -999.900   -999.900
    -44.320    -60.522     -5.369   -999.900   -999.900    -55.153      0.000    -44.320    -44.320    -75.211     -5.369   -999.900   -999.900
    -49.320    -60.586    -10.396   -999.900   -999.900    -50.190      0.000    -49.320    -49.320    -77.672    -10.396   -999.900   -999.900
    -54.320    -60.516    -15.360   -999.900   -999.900    -45.156      0.000    -54.320    -54.320    -75.035    -15.360   -999.900   -999.900
    -59.320    -60.678    -20.170   -999.900   -999.900    -40.508      0.000    -59.320    -59.320    -75.035    -20.171   -999.900   -999.900
    -64.320    -60.512    -25.382   -999.900   -999.900    -35.130      0.000    -64.320    -64.320    -75.035    -25.382   -999.900   -999.900
    -69.320    -60.564    -30.471   -999.900   -999.900    -30.094      0.000    -69.320    -69.320    -75.035    -30.474   -999.900   -999.900
    -74.320    -60.557    -35.459   -999.900   -999.900    -25.098      0.000    -74.320    -74.320    -75.035    -35.468   -999.900   -999.900
    -79.320    -60.496    -40.257   -999.900   -999.900    -20.239      0.000    -79.320    -79.320    -75.035    -40.285   -999.900   -999.900
    -84.320    -60.604    -45.074   -999.900   -999.900    -15.530      0.000    -84.320    -84.320    -75.035    -45.161   -999.900   -999.900
    -89.320    -60.676    -49.728   -999.900   -999.900    -10.948      0.000    -89.320    -89.320    -75.035    -49.986   -999.900   -999.900
    -94.320    -60.640    -54.065   -999.900   -999.900     -6.575      0.000    -94.320    -94.320    -75.035    -54.805   -999.900   -999.900
    -99.320    -60.643    -57.780   -999.900   -999.900     -2.863      0.000    -99.320    -99.320    -75.035    -59.778   -999.900   -999.900
   -104.320    -60.692    -60.075   -999.900   -999.900     -0.617      0.000   -104.320   -104.320    -75.035    -64.339   -999.900   -999.900
   -109.320    -60.723    -61.553   -999.900   -999.900      0.830      0.000   -109.320   -109.320    -75.035    -70.729   -999.900   -999.900
   -114.320    -60.653    -61.944   -999.900   -999.900      1.291      0.000   -114.320   -114.320    -75.035    -76.137   -999.900   -999.900
   -119.320    -60.646    -61.975   -999.900   -999.900      1.329      0.000   -119.320   -119.320    -75.035    -77.038   -999.900   -999.900
   -124.320    -60.665    -61.996   -999.900   -999.900      1.330      0.000   -124.320   -124.320    -75.035    -77.747   -999.900   -999.900
   -129.320    -60.684    -61.983   -999.900   -999.900      1.299      0.000   -129.320   -129.320    -75.035    -77.285   -999.900   -999.900
   -134.320    -60.686    -62.324   -999.900   -999.900      1.638      0.000   -134.320   -134.320    -75.035    -77.285   -999.900   -999.900
   -139.320    -60.697    -62.484   -999.900   -999.900      1.787      0.000   -139.320   -139.320    -75.035    -77.285   -999.900   -999.900
