    -34.000      9.121    -43.931   -999.900   -999.900     53.052      0.000    -34.000    -34.000      9.121    -43.953   -999.900   -999.900
    -39.000      7.344    -48.826   -999.900   -999.900     56.170      0.000    -39.000    -39.000      7.344    -48.894   -999.900   -999.900
    -44.000      3.351    -53.668   -999.900   -999.900     57.020      0.000    -44.000    -44.000      3.351    -53.878   -999.900   -999.900
    -49.000     -1.304    -57.830   -999.900   -999.900     56.526      0.000    -49.000    -49.000     -1.304    -58.400   -999.900   -999.900
    -54.000     -6.243    -62.747   -999.900   -999.900     56.505      0.000    -54.000    -54.000     -6.243    -64.837   -999.900   -999.900
    -59.000    -10.606    -65.430   -999.900   -999.900     54.824      0.000    -59.000    -59.000    -10.606    -70.779   -999.900   -999.900
    -64.000    -15.487    -67.391   -999.900   -999.900     51.904      0.000    -64.000    -64.000    -15.488    -70.779   -999.900   -999.900
    -69.000    -20.708    -67.811   -999.900   -999.900     47.103      0.000    -69.000    -69.000    -20.709    -70.779   -999.900   -999.900
    -74.000    -25.724    -67.818   -999.900   -999.900     42.094      0.000    -74.000    -74.000    -25.727    -70.779   -999.900   -999.900
    -79.000    -30.305    -64.681   -999.900   -999.900     34.377      0.000    -79.000    -79.000    -30.314    -70.779   -999.900   -999.900
    -84.000    -35.281    -65.694   -999.900   -999.900     30.413      0.000    -84.000    -84.000    -35.309    -70.779   -999.900   -999.900
    -89.000    -40.079    -65.767   -999.900   -999.900     25.688      0.000    -89.000    -89.000    -40.164    -70.779   -999.900   -999.900
    -94.000    -44.715    -66.058   -999.900   -999.900     21.343      0.000    -94.000    -94.000    -44.968    -70.779   -999.900   -999.900
    -99.000    -49.193    -66.214   -999.900   -999.900     17.021      0.000    -99.000    -99.000    -49.942    -70.779   -999.900   -999.900
   -104.000    -52.850    -66.361   -999.900   -999.900     13.511      0.000   -104.000   -104.000    -54.842    -70.779   -999.900   -999.900
   -109.000    -55.525    -66.384   -999.900   -999.900     10.859      0.000   -109.000   -109.000    -60.488    -70.779   -999.900   -999.900
   -114.000    -56.735    -66.514   -999.900   -999.900      9.779      0.000   -114.000   -114.000    -66.721    -70.779   -999.900   -999.900
   -119.000    -57.250    -66.488   -999.900   -999.900      9.238      0.000   -119.000   -119.000    -66.721    -70.779   -999.900   -999.900
   -124.000    -57.158    -66.474   -999.900   -999.900      9.316      0.000   -124.000   -124.000    -66.721    -70.779   -999.900   -999.900
   -129.000    -57.130    -66.502   -999.900   -999.900      9.373      0.000   -129.000   -129.000    -66.721    -70.779   -999.900   -999.900
   -134.000    -57.466    -67.954   -999.900   -999.900     10.487      0.000   -134.000   -134.000    -66.721    -70.779   -999.900   -999.900
   -139.000    -57.466    -67.947   -999.900   -999.900     10.481      0.000   -139.000   -139.000    -66.721    -70.779   -999.900   -999.900
