     16.000    -63.187     13.607   -999.900   -999.900    -76.795      0.000     16.000     16.000    -63.808     13.607   -999.900   -999.900
     14.000    -65.134     13.066   -999.900   -999.900    -78.200      0.000     14.000     14.000    -66.149     13.066   -999.900   -999.900
     12.000    -69.278     12.019   -999.900   -999.900    -81.297      0.000     12.000     12.000    -72.660     12.019   -999.900   -999.900
     10.000    -70.467     10.006   -999.900   -999.900    -80.473      0.000     10.000     10.000    -75.865     10.006   -999.900   -999.900
      8.000    -71.023      7.992   -999.900   -999.900    -79.014      0.000      8.000      8.000    -78.201      7.992   -999.900   -999.900
      6.000    -71.067      5.982   -999.900   -999.900    -77.049      0.000      6.000      6.000    -78.440      5.982   -999.900   -999.900
      4.000    -71.527      4.015   -999.900   -999.900    -75.542      0.000      4.000      4.000    -81.892      4.015   -999.900   -999.900
      2.000    -71.665      2.000   -999.900   -999.900    -73.666      0.000      2.000      2.000    -83.704      2.000   -999.900   -999.900
      0.000    -71.652     -0.002   -999.900   -999.900    -71.650      0.000      0.000      0.000    -83.500     -0.002   -999.900   -999.900
     -2.000    -71.591     -2.000   -999.900   -999.900    -69.590      0.000     -2.000     -2.000    -82.643     -2.000   -999.900   -999.900
     -4.000    -71.601     -3.998   -999.900   -999.900    -67.603      0.000     -4.000     -4.000    -82.771     -3.998   -999.900   -999.900
     -6.000    -71.592     -5.980   -999.900   -999.900    -65.612      0.000     -6.000     -6.000    -82.658     -5.980   -999.900   -999.900
     -8.000    -71.455     -7.993   -999.900   -999.900    -63.462      0.000     -8.000     -8.000    -81.172     -7.993   -999.900   -999.900
    -10.000    -71.299    -10.005   -999.900   -999.900    -61.294      0.000    -10.000    -10.000    -79.889    -10.005   -999.900   -999.900
    -12.000    -71.319    -12.013   -999.900   -999.900    -59.305      0.000    -12.000    -12.000    -80.032    -12.013   -999.900   -999.900
    -14.000    -71.280    -14.015   -999.900   -999.900    -57.265      0.000    -14.000    -14.000    -79.757    -14.015   -999.900   -999.900
    -16.000    -71.140    -16.026   -999.900   -999.900    -55.114      0.000    -16.000    -16.000    -78.851    -16.026   -999.900   -999.900
    -18.000    -71.230    -18.054   -999.900   -999.900    -53.175      0.000    -18.000    -18.000    -79.411    -18.054   -999.900   -999.900
    -20.000    -71.027    -20.077   -999.900   -999.900    -50.950      0.000    -20.000    -20.000    -78.224    -20.077   -999.900   -999.900
    -22.000    -70.983    -22.098   -999.900   -999.900    -48.885      0.000    -22.000    -22.000    -77.998    -22.098   -999.900   -999.900
    -24.000    -70.922    -24.099   -999.900   -999.900    -46.823      0.000    -24.000    -24.000    -77.700    -24.099   -999.900   -999.900
    -26.000    -70.859    -26.083   -999.900   -999.900    -44.776      0.000    -26.000    -26.000    -77.410    -26.084   -999.900   -999.900
    -28.000    -70.974    -28.076   -999.900   -999.900    -42.898      0.000    -28.000    -28.000    -77.955    -28.076   -999.900   -999.900
    -30.000    -70.946    -30.087   -999.900   -999.900    -40.859      0.000    -30.000    -30.000    -77.815    -30.088   -999.900   -999.900
    -32.000    -70.931    -32.096   -999.900   -999.900    -38.835      0.000    -32.000    -32.000    -77.742    -32.096   -999.900   -999.900
    -34.000    -70.914    -34.083   -999.900   -999.900    -36.831      0.000    -34.000    -34.000    -77.663    -34.084   -999.900   -999.900
    -36.000    -70.965    -36.072   -999.900   -999.900    -34.893      0.000    -36.000    -36.000    -77.911    -36.073   -999.900   -999.900
    -38.000    -70.976    -38.061   -999.900   -999.900    -32.914      0.000    -38.000    -38.000    -77.962    -38.063   -999.900   -999.900
    -40.000    -70.976    -40.176   -999.900   -999.900    -30.800      0.000    -40.000    -40.000    -77.962    -40.179   -999.900   -999.900
    -42.000    -71.430    -42.191   -999.900   -999.900    -29.239      0.000    -42.000    -42.000    -80.939    -42.196   -999.900   -999.900
    -44.000    -71.880    -44.091   -999.900   -999.900    -27.789      0.000    -44.000    -44.000    -90.089    -44.099   -999.900   -999.900
    -46.000    -71.895    -45.995   -999.900   -999.900    -25.901      0.000    -46.000    -46.000    -91.261    -46.006   -999.900   -999.900
    -48.000    -71.927    -47.915   -999.900   -999.900    -24.013      0.000    -48.000    -48.000    -95.653    -47.932   -999.900   -999.900
    -50.000    -71.820    -49.825   -999.900   -999.900    -21.995      0.000    -50.000    -50.000    -87.277    -49.853   -999.900   -999.900
    -52.000    -71.853    -51.750   -999.900   -999.900    -20.103      0.000    -52.000    -52.000    -88.599    -51.793   -999.900   -999.900
    -54.000    -71.898    -53.707   -999.900   -999.900    -18.191      0.000    -54.000    -54.000    -91.501    -53.775   -999.900   -999.900
    -56.000    -71.904    -55.704   -999.900   -999.900    -16.200      0.000    -56.000    -56.000    -92.100    -55.812   -999.900   -999.900
    -58.000    -71.829    -57.752   -999.900   -999.900    -14.077      0.000    -58.000    -58.000    -87.580    -57.928   -999.900   -999.900
    -60.000    -71.825    -59.682   -999.900   -999.900    -12.143      0.000    -60.000    -60.000    -87.442    -59.959   -999.900   -999.900
    -62.000    -71.845    -61.689   -999.900   -999.900    -10.156      0.000    -62.000    -62.000    -88.226    -62.138   -999.900   -999.900
    -64.000    -71.817    -63.513   -999.900   -999.900     -8.303      0.000    -64.000    -64.000    -87.146    -64.216   -999.900   -999.900
    -66.000    -71.793    -65.266   -999.900   -999.900     -6.527      0.000    -66.000    -66.000    -86.414    -66.367   -999.900   -999.900
    -68.000    -71.868    -66.901   -999.900   -999.900     -4.967      0.000    -68.000    -68.000    -89.366    -68.614   -999.900   -999.900
    -70.000    -71.872    -68.227   -999.900   -999.900     -3.645      0.000    -70.000    -70.000    -89.597    -70.764   -999.900   -999.900
    -72.000    -71.867    -69.539   -999.900   -999.900     -2.328      0.000    -72.000    -72.000    -89.312    -73.503   -999.900   -999.900
    -74.000    -71.819    -70.600   -999.900   -999.900     -1.219      0.000    -74.000    -74.000    -87.223    -76.875   -999.900   -999.900
    -76.000    -71.824    -71.344   -999.900   -999.900     -0.481      0.000    -76.000    -76.000    -87.425    -81.658   -999.900   -999.900
    -78.000    -71.920    -71.941   -999.900   -999.900      0.021      0.000    -78.000    -78.000    -94.232    -81.658   -999.900   -999.900
    -80.000    -71.879    -72.308   -999.900   -999.900      0.430      0.000    -80.000    -80.000    -90.022    -81.658   -999.900   -999.900
    -82.000    -71.996    -72.569   -999.900   -999.900      0.574      0.000    -82.000    -82.000    -90.022    -81.658   -999.900   -999.900
    -84.000    -71.927    -72.661   -999.900   -999.900      0.734      0.000    -84.000    -84.000    -90.022    -81.658   -999.900   -999.900
    -86.000    -72.024    -72.893   -999.900   -999.900      0.869      0.000    -86.000    -86.000    -90.022    -81.658   -999.900   -999.900
    -88.000    -72.046    -73.049   -999.900   -999.900      1.003      0.000    -88.000    -88.000    -90.022    -81.658   -999.900   -999.900
    -90.000    -72.021    -73.039   -999.900   -999.900      1.018      0.000    -90.000    -90.000    -90.022    -81.658   -999.900   -999.900
    -92.000    -72.020    -73.163   -999.900   -999.900      1.144      0.000    -92.000    -92.000    -90.022    -81.658   -999.900   -999.900
    -94.000    -72.018    -73.146   -999.900   -999.900      1.128      0.000    -94.000    -94.000    -90.022    -81.658   -999.900   -999.900
    -96.000    -71.991    -73.147   -999.900   -999.900      1.156      0.000    -96.000    -96.000    -90.022    -81.658   -999.900   -999.900
    -98.000    -71.973    -73.162   -999.900   -999.900      1.190      0.000    -98.000    -98.000    -90.022    -81.658   -999.900   -999.900
