     16.000     13.617     13.600   -999.900   -999.900      0.017      0.000     16.000     16.000     13.617     13.600   -999.900   -999.900
     14.000     13.081     13.055   -999.900   -999.900      0.026      0.000     14.000     14.000     13.081     13.055   -999.900   -999.900
     12.000     12.066     11.992   -999.900   -999.900      0.074      0.000     12.000     12.000     12.066     11.992   -999.900   -999.900
     10.000     10.056      9.979   -999.900   -999.900      0.077      0.000     10.000     10.000     10.056      9.979   -999.900   -999.900
      8.000      8.037      7.964   -999.900   -999.900      0.073      0.000      8.000      8.000      8.037      7.964   -999.900   -999.900
      6.000      6.027      5.953   -999.900   -999.900      0.074      0.000      6.000      6.000      6.027      5.953   -999.900   -999.900
      4.000      4.078      3.995   -999.900   -999.900      0.083      0.000      4.000      4.000      4.078      3.995   -999.900   -999.900
      2.000      2.063      1.979   -999.900   -999.900      0.084      0.000      2.000      2.000      2.063      1.979   -999.900   -999.900
      0.000      0.057     -0.024   -999.900   -999.900      0.081      0.000      0.000      0.000      0.057     -0.024   -999.900   -999.900
     -2.000     -1.945     -2.023   -999.900   -999.900      0.078      0.000     -2.000     -2.000     -1.945     -2.023   -999.900   -999.900
     -4.000     -3.942     -4.018   -999.900   -999.900      0.076      0.000     -4.000     -4.000     -3.942     -4.018   -999.900   -999.900
     -6.000     -5.919     -6.000   -999.900   -999.900      0.081      0.000     -6.000     -6.000     -5.919     -6.000   -999.900   -999.900
     -8.000     -7.931     -8.016   -999.900   -999.900      0.085      0.000     -8.000     -8.000     -7.931     -8.016   -999.900   -999.900
    -10.000     -9.945    -10.027   -999.900   -999.900      0.082      0.000    -10.000    -10.000     -9.945    -10.027   -999.900   -999.900
    -12.000    -11.956    -12.028   -999.900   -999.900      0.072      0.000    -12.000    -12.000    -11.956    -12.028   -999.900   -999.900
    -14.000    -13.964    -14.029   -999.900   -999.900      0.065      0.000    -14.000    -14.000    -13.964    -14.029   -999.900   -999.900
    -16.000    -15.977    -16.035   -999.900   -999.900      0.058      0.000    -16.000    -16.000    -15.977    -16.035   -999.900   -999.900
    -18.000    -18.010    -18.064   -999.900   -999.900      0.054      0.000    -18.000    -18.000    -18.010    -18.064   -999.900   -999.900
    -20.000    -20.034    -20.090   -999.900   -999.900      0.056      0.000    -20.000    -20.000    -20.034    -20.090   -999.900   -999.900
    -22.000    -22.047    -22.104   -999.900   -999.900      0.057      0.000    -22.000    -22.000    -22.047    -22.104   -999.900   -999.900
    -24.000    -24.072    -24.123   -999.900   -999.900      0.051      0.000    -24.000    -24.000    -24.072    -24.123   -999.900   -999.900
    -26.000    -26.073    -26.142   -999.900   -999.900      0.069      0.000    -26.000    -26.000    -26.073    -26.142   -999.900   -999.900
    -28.000    -28.039    -28.183   -999.900   -999.900      0.144      0.000    -28.000    -28.000    -28.039    -28.183   -999.900   -999.900
    -30.000    -30.016    -30.231   -999.900   -999.900      0.215      0.000    -30.000    -30.000    -30.017    -30.231   -999.900   -999.900
    -32.000    -32.021    -32.277   -999.900   -999.900      0.256      0.000    -32.000    -32.000    -32.022    -32.278   -999.900   -999.900
    -34.000    -33.918    -34.289   -999.900   -999.900      0.371      0.000    -34.000    -34.000    -33.919    -34.290   -999.900   -999.900
    -36.000    -35.871    -36.334   -999.900   -999.900      0.463      0.000    -36.000    -36.000    -35.873    -36.336   -999.900   -999.900
    -38.000    -37.870    -38.378   -999.900   -999.900      0.508      0.000    -38.000    -38.000    -37.874    -38.380   -999.900   -999.900
    -40.000    -39.756    -40.188   -999.900   -999.900      0.432      0.000    -40.000    -40.000    -39.761    -40.192   -999.900   -999.900
    -42.000    -41.806    -41.954   -999.900   -999.900      0.148      0.000    -42.000    -42.000    -41.815    -41.960   -999.900   -999.900
    -44.000    -43.881    -43.901   -999.900   -999.900      0.020      0.000    -44.000    -44.000    -43.895    -43.910   -999.900   -999.900
    -46.000    -45.874    -45.889   -999.900   -999.900      0.015      0.000    -46.000    -46.000    -45.896    -45.903   -999.900   -999.900
    -48.000    -47.756    -48.017   -999.900   -999.900      0.261      0.000    -48.000    -48.000    -47.791    -48.040   -999.900   -999.900
    -50.000    -49.595    -50.102   -999.900   -999.900      0.507      0.000    -50.000    -50.000    -49.648    -50.139   -999.900   -999.900
    -52.000    -51.428    -52.052   -999.900   -999.900      0.624      0.000    -52.000    -52.000    -51.509    -52.109   -999.900   -999.900
    -54.000    -53.276    -53.990   -999.900   -999.900      0.714      0.000    -54.000    -54.000    -53.400    -54.080   -999.900   -999.900
    -56.000    -55.140    -55.900   -999.900   -999.900      0.760      0.000    -56.000    -56.000    -55.332    -56.041   -999.900   -999.900
    -58.000    -57.009    -57.753   -999.900   -999.900      0.744      0.000    -58.000    -58.000    -57.308    -57.971   -999.900   -999.900
    -60.000    -58.821    -59.543   -999.900   -999.900      0.722      0.000    -60.000    -60.000    -59.284    -59.876   -999.900   -999.900
    -62.000    -60.591    -61.295   -999.900   -999.900      0.704      0.000    -62.000    -62.000    -61.307    -61.803   -999.900   -999.900
    -64.000    -62.249    -62.993   -999.900   -999.900      0.744      0.000    -64.000    -64.000    -63.343    -63.767   -999.900   -999.900
    -66.000    -63.790    -64.610   -999.900   -999.900      0.820      0.000    -66.000    -66.000    -65.449    -65.784   -999.900   -999.900
    -68.000    -65.151    -66.140   -999.900   -999.900      0.989      0.000    -68.000    -68.000    -67.626    -67.925   -999.900   -999.900
    -70.000    -66.316    -67.525   -999.900   -999.900      1.209      0.000    -70.000    -70.000    -69.962    -70.230   -999.900   -999.900
    -72.000    -67.244    -68.715   -999.900   -999.900      1.471      0.000    -72.000    -72.000    -72.522    -72.801   -999.900   -999.900
    -74.000    -67.960    -69.667   -999.900   -999.900      1.707      0.000    -74.000    -74.000    -75.641    -75.850   -999.900   -999.900
    -76.000    -68.507    -70.422   -999.900   -999.900      1.915      0.000    -76.000    -76.000    -80.780    -80.567   -999.900   -999.900
    -78.000    -68.867    -70.992   -999.900   -999.900      2.125      0.000    -78.000    -78.000    -80.780    -80.567   -999.900   -999.900
    -80.000    -69.113    -71.382   -999.900   -999.900      2.269      0.000    -80.000    -80.000    -80.780    -80.567   -999.900   -999.900
    -82.000    -69.281    -71.641   -999.900   -999.900      2.360      0.000    -82.000    -82.000    -80.780    -80.567   -999.900   -999.900
    -84.000    -69.354    -71.823   -999.900   -999.900      2.469      0.000    -84.000    -84.000    -80.780    -80.567   -999.900   -999.900
    -86.000    -69.421    -71.933   -999.900   -999.900      2.512      0.000    -86.000    -86.000    -80.780    -80.567   -999.900   -999.900
    -88.000    -69.492    -72.017   -999.900   -999.900      2.525      0.000    -88.000    -88.000    -80.780    -80.567   -999.900   -999.900
    -90.000    -69.522    -72.095   -999.900   -999.900      2.573      0.000    -90.000    -90.000    -80.780    -80.567   -999.900   -999.900
    -92.000    -69.517    -72.116   -999.900   -999.900      2.599      0.000    -92.000    -92.000    -80.780    -80.567   -999.900   -999.900
    -94.000    -69.561    -72.152   -999.900   -999.900      2.591      0.000    -94.000    -94.000    -80.780    -80.567   -999.900   -999.900
    -96.000    -69.592    -72.152   -999.900   -999.900      2.560      0.000    -96.000    -96.000    -80.780    -80.567   -999.900   -999.900
    -98.000    -69.593    -72.146   -999.900   -999.900      2.553      0.000    -98.000    -98.000    -80.780    -80.567   -999.900   -999.900
