    -34.320      5.345    -56.808   -999.900   -999.900     62.153      0.000    -34.320    -34.320      5.345    -58.161   -999.900   -999.900
    -39.320      0.801    -60.033   -999.900   -999.900     60.834      0.000    -39.320    -39.320      0.801    -63.622   -999.900   -999.900
    -44.320     -3.980    -61.507   -999.900   -999.900     57.527      0.000    -44.320    -44.320     -3.980    -68.276   -999.900   -999.900
    -49.320     -8.832    -62.289   -999.900   -999.900     53.457      0.000    -49.320    -49.320     -8.832    -74.915   -999.900   -999.900
    -54.320    -13.741    -62.311   -999.900   -999.900     48.570      0.000    -54.320    -54.320    -13.741    -75.337   -999.900   -999.900
    -59.320    -18.546    -62.415   -999.900   -999.900     43.869      0.000    -59.320    -59.320    -18.546    -78.135   -999.900   -999.900
    -64.320    -23.670    -62.260   -999.900   -999.900     38.590      0.000    -64.320    -64.320    -23.671    -74.413   -999.900   -999.900
    -69.320    -28.668    -62.344   -999.900   -999.900     33.676      0.000    -69.320    -69.320    -28.671    -76.053   -999.900   -999.900
    -74.320    -33.618    -62.423   -999.900   -999.900     28.805      0.000    -74.320    -74.320    -33.627    -78.444   -999.900   -999.900
    -79.320    -38.435    -62.470   -999.900   -999.900     24.035      0.000    -79.320    -79.320    -38.462    -80.890   -999.900   -999.900
    -84.320    -43.064    -62.397   -999.900   -999.900     19.333      0.000    -84.320    -84.320    -43.142    -77.509   -999.900   -999.900
    -89.320    -47.722    -62.522   -999.900   -999.900     14.800      0.000    -89.320    -89.320    -47.953    -88.514   -999.900   -999.900
    -94.320    -52.090    -62.624   -999.900   -999.900     10.534      0.000    -94.320    -94.320    -52.754    -88.514   -999.900   -999.900
    -99.320    -55.936    -62.469   -999.900   -999.900      6.533      0.000    -99.320    -99.320    -57.767    -88.514   -999.900   -999.900
   -104.320    -58.777    -62.472   -999.900   -999.900      3.695      0.000   -104.320   -104.320    -63.483    -88.514   -999.900   -999.900
   -109.320    -60.112    -62.531   -999.900   -999.900      2.419      0.000   -109.320   -109.320    -70.100    -88.514   -999.900   -999.900
   -114.320    -60.447    -62.607   -999.900   -999.900      2.160      0.000   -114.320   -114.320    -75.954    -88.514   -999.900   -999.900
   -119.320    -60.490    -62.556   -999.900   -999.900      2.066      0.000   -119.320   -119.320    -77.826    -88.514   -999.900   -999.900
   -124.320    -60.518    -62.538   -999.900   -999.900      2.020      0.000   -124.320   -124.320    -79.684    -88.514   -999.900   -999.900
   -129.320    -60.512    -62.532   -999.900   -999.900      2.020      0.000   -129.320   -129.320    -79.215    -88.514   -999.900   -999.900
   -134.320    -60.728    -62.500   -999.900   -999.900      1.772      0.000   -134.320   -134.320    -79.215    -88.514   -999.900   -999.900
   -139.320    -60.740    -62.466   -999.900   -999.900      1.726      0.000   -139.320   -139.320    -79.215    -88.514   -999.900   -999.900
