    -34.000    -48.541     -0.732   -999.900   -999.900    -47.809      0.000    -34.000    -34.000    -49.149     -0.732   -999.900   -999.900
    -39.000    -52.497     -2.802   -999.900   -999.900    -49.695      0.000    -39.000    -39.000    -54.200     -2.802   -999.900   -999.900
    -44.000    -55.098     -7.021   -999.900   -999.900    -48.076      0.000    -44.000    -44.000    -58.975     -7.021   -999.900   -999.900
    -49.000    -56.095    -11.793   -999.900   -999.900    -44.302      0.000    -49.000    -49.000    -61.994    -11.793   -999.900   -999.900
    -54.000    -56.865    -16.632   -999.900   -999.900    -40.232      0.000    -54.000    -54.000    -66.327    -16.632   -999.900   -999.900
    -59.000    -56.922    -21.493   -999.900   -999.900    -35.429      0.000    -59.000    -59.000    -66.864    -21.493   -999.900   -999.900
    -64.000    -56.900    -26.346   -999.900   -999.900    -30.553      0.000    -64.000    -64.000    -66.648    -26.347   -999.900   -999.900
    -69.000    -56.987    -31.249   -999.900   -999.900    -25.738      0.000    -69.000    -69.000    -67.557    -31.250   -999.900   -999.900
    -74.000    -56.939    -36.237   -999.900   -999.900    -20.702      0.000    -74.000    -74.000    -67.035    -36.241   -999.900   -999.900
    -79.000    -56.882    -40.994   -999.900   -999.900    -15.887      0.000    -79.000    -79.000    -66.480    -41.004   -999.900   -999.900
    -84.000    -56.999    -45.839   -999.900   -999.900    -11.160      0.000    -84.000    -84.000    -67.691    -45.867   -999.900   -999.900
    -89.000    -57.032    -50.538   -999.900   -999.900     -6.494      0.000    -89.000    -89.000    -68.088    -50.622   -999.900   -999.900
    -94.000    -57.330    -55.191   -999.900   -999.900     -2.140      0.000    -94.000    -94.000    -76.263    -55.440   -999.900   -999.900
    -99.000    -57.228    -59.569   -999.900   -999.900      2.341      0.000    -99.000    -99.000    -71.683    -60.291   -999.900   -999.900
   -104.000    -57.444    -63.308   -999.900   -999.900      5.864      0.000   -104.000   -104.000    -71.683    -65.260   -999.900   -999.900
   -109.000    -57.412    -65.846   -999.900   -999.900      8.434      0.000   -109.000   -109.000    -71.683    -70.401   -999.900   -999.900
   -114.000    -57.374    -67.153   -999.900   -999.900      9.779      0.000   -114.000   -114.000    -71.683    -76.285   -999.900   -999.900
   -119.000    -57.360    -67.709   -999.900   -999.900     10.349      0.000   -119.000   -119.000    -71.683    -94.080   -999.900   -999.900
   -124.000    -57.360    -67.858   -999.900   -999.900     10.498      0.000   -124.000   -124.000    -71.683    -94.080   -999.900   -999.900
   -129.000    -57.417    -67.884   -999.900   -999.900     10.467      0.000   -129.000   -129.000    -71.683    -94.080   -999.900   -999.900
   -134.000    -57.424    -67.887   -999.900   -999.900     10.463      0.000   -134.000   -134.000    -71.683    -94.080   -999.900   -999.900
   -139.000    -57.382    -67.872   -999.900   -999.900     10.491      0.000   -139.000   -139.000    -71.683    -94.080   -999.900   -999.900
