    -34.650      5.710    -53.588   -999.900   -999.900     59.298      0.000    -34.650    -34.650      5.710    -57.255   -999.900   -999.900
    -39.650      1.419    -55.422   -999.900   -999.900     56.840      0.000    -39.650    -39.650      1.419    -64.276   -999.900   -999.900
    -44.650     -3.248    -57.740   -999.900   -999.900     54.492      0.000    -44.650    -44.650     -3.248    -64.276   -999.900   -999.900
    -49.650     -8.074    -56.690   -999.900   -999.900     48.616      0.000    -49.650    -49.650     -8.074    -64.276   -999.900   -999.900
    -54.650    -13.008    -56.276   -999.900   -999.900     43.268      0.000    -54.650    -54.650    -13.008    -64.276   -999.900   -999.900
    -59.650    -17.940    -55.821   -999.900   -999.900     37.881      0.000    -59.650    -59.650    -17.940    -64.276   -999.900   -999.900
    -64.650    -22.957    -56.186   -999.900   -999.900     33.229      0.000    -64.650    -64.650    -22.958    -64.276   -999.900   -999.900
    -69.650    -27.959    -56.308   -999.900   -999.900     28.350      0.000    -69.650    -69.650    -27.962    -64.276   -999.900   -999.900
    -74.650    -32.879    -58.224   -999.900   -999.900     25.344      0.000    -74.650    -74.650    -32.888    -64.276   -999.900   -999.900
    -80.700    -38.802    -53.534   -999.900   -999.900     14.731      0.000    -80.700    -80.700    -38.837    -64.276   -999.900   -999.900
    -85.700    -43.715    -53.179   -999.900   -999.900      9.464      0.000    -85.700    -85.700    -43.823    -64.276   -999.900   -999.900
    -90.700    -48.721    -54.924   -999.900   -999.900      6.204      0.000    -90.700    -90.700    -49.071    -64.276   -999.900   -999.900
    -95.700    -53.761    -51.562   -999.900   -999.900     -2.199      0.000    -95.700    -95.700    -54.994    -64.276   -999.900   -999.900
   -100.700    -57.952    -52.720   -999.900   -999.900     -5.232      0.000   -100.700   -100.700    -62.495    -64.276   -999.900   -999.900
   -105.700    -59.787    -53.514   -999.900   -999.900     -6.273      0.000   -105.700   -105.700    -79.655    -64.276   -999.900   -999.900
   -110.700    -59.898    -53.884   -999.900   -999.900     -6.014      0.000   -110.700   -110.700    -79.655    -64.276   -999.900   -999.900
   -115.700    -59.373    -52.571   -999.900   -999.900     -6.802      0.000   -115.700   -115.700    -79.655    -64.276   -999.900   -999.900
   -115.700    -59.762    -56.019   -999.900   -999.900     -3.744      0.000   -115.700   -115.700    -79.655    -64.276   -999.900   -999.900
   -120.700    -59.986    -60.205   -999.900   -999.900      0.219      0.000   -120.700   -120.700    -79.655    -64.276   -999.900   -999.900
   -125.700    -59.997    -60.216   -999.900   -999.900      0.220      0.000   -125.700   -125.700    -79.655    -64.276   -999.900   -999.900
   -130.700    -60.012    -60.228   -999.900   -999.900      0.216      0.000   -130.700   -130.700    -79.655    -64.276   -999.900   -999.900
