    -27.120      8.206      6.737   -999.900   -999.900      1.469      0.000    -27.120    -27.120      8.206      6.737   -999.900   -999.900
    -32.120      4.425      2.598   -999.900   -999.900      1.827      0.000    -32.120    -32.120      4.425      2.598   -999.900   -999.900
    -37.120     -0.211     -2.171   -999.900   -999.900      1.960      0.000    -37.120    -37.120     -0.211     -2.171   -999.900   -999.900
    -42.120     -5.029     -7.081   -999.900   -999.900      2.052      0.000    -42.120    -42.120     -5.029     -7.081   -999.900   -999.900
    -47.120    -10.009    -12.067   -999.900   -999.900      2.058      0.000    -47.120    -47.120    -10.009    -12.067   -999.900   -999.900
    -52.120    -15.002    -17.068   -999.900   -999.900      2.066      0.000    -52.120    -52.120    -15.002    -17.068   -999.900   -999.900
    -57.120    -19.969    -22.057   -999.900   -999.900      2.088      0.000    -57.120    -57.120    -19.969    -22.057   -999.900   -999.900
    -62.120    -24.934    -27.029   -999.900   -999.900      2.095      0.000    -62.120    -62.120    -24.934    -27.029   -999.900   -999.900
    -67.120    -29.948    -32.036   -999.900   -999.900      2.088      0.000    -67.120    -67.120    -29.949    -32.037   -999.900   -999.900
    -72.120    -34.957    -37.025   -999.900   -999.900      2.068      0.000    -72.120    -72.120    -34.959    -37.027   -999.900   -999.900
    -77.120    -39.930    -42.000   -999.900   -999.900      2.070      0.000    -77.120    -77.120    -39.937    -42.008   -999.900   -999.900
    -82.120    -44.969    -47.012   -999.900   -999.900      2.043      0.000    -82.120    -82.120    -44.990    -47.037   -999.900   -999.900
    -87.120    -49.944    -51.980   -999.900   -999.900      2.036      0.000    -87.120    -87.120    -50.011    -52.058   -999.900   -999.900
    -92.120    -54.785    -56.738   -999.900   -999.900      1.953      0.000    -92.120    -92.120    -54.991    -56.975   -999.900   -999.900
    -97.120    -59.495    -61.381   -999.900   -999.900      1.886      0.000    -97.120    -97.120    -60.136    -62.112   -999.900   -999.900
   -102.120    -63.315    -65.037   -999.900   -999.900      1.722      0.000   -102.120   -102.120    -65.057    -66.973   -999.900   -999.900
   -107.120    -65.887    -67.449   -999.900   -999.900      1.562      0.000   -107.120   -107.120    -69.840    -71.728   -999.900   -999.900
   -112.120    -67.264    -68.713   -999.900   -999.900      1.449      0.000   -112.120   -112.120    -74.723    -76.627   -999.900   -999.900
   -117.120    -67.873    -69.218   -999.900   -999.900      1.345      0.000   -117.120   -117.120    -80.391    -81.563   -999.900   -999.900
   -122.120    -68.053    -69.419   -999.900   -999.900      1.366      0.000   -122.120   -122.120    -85.996    -88.063   -999.900   -999.900
   -127.120    -68.113    -69.476   -999.900   -999.900      1.363      0.000   -127.120   -127.120    -94.368   -101.455   -999.900   -999.900
   -132.120    -68.187    -69.542   -999.900   -999.900      1.355      0.000   -132.120   -132.120    -94.368   -101.455   -999.900   -999.900
   -132.120    -68.193    -69.548   -999.900   -999.900      1.355      0.000   -132.120   -132.120    -94.368   -101.455   -999.900   -999.900
   -137.120    -68.194    -69.545   -999.900   -999.900      1.351      0.000   -137.120   -137.120    -94.368   -101.455   -999.900   -999.900
   -142.120    -68.193    -69.543   -999.900   -999.900      1.350      0.000   -142.120   -142.120    -94.368   -101.455   -999.900   -999.900
   -147.120    -68.191    -69.550   -999.900   -999.900      1.359      0.000   -147.120   -147.120    -94.368   -101.455   -999.900   -999.900
