    -27.060      8.325      6.469   -999.900   -999.900      1.856      0.000    -27.060    -27.060      8.325      6.469   -999.900   -999.900
    -29.060      6.994      5.113   -999.900   -999.900      1.881      0.000    -29.060    -29.060      6.994      5.113   -999.900   -999.900
    -31.060      5.303      3.272   -999.900   -999.900      2.031      0.000    -31.060    -31.060      5.303      3.272   -999.900   -999.900
    -33.060      3.471      1.425   -999.900   -999.900      2.046      0.000    -33.060    -33.060      3.471      1.425   -999.900   -999.900
    -35.060      1.568     -0.508   -999.900   -999.900      2.076      0.000    -35.060    -35.060      1.568     -0.508   -999.900   -999.900
    -38.060     -1.360     -3.456   -999.900   -999.900      2.096      0.000    -38.060    -38.060     -1.360     -3.456   -999.900   -999.900
    -43.060     -6.297     -8.375   -999.900   -999.900      2.078      0.000    -43.060    -43.060     -6.297     -8.375   -999.900   -999.900
    -48.060    -11.296    -13.366   -999.900   -999.900      2.070      0.000    -48.060    -48.060    -11.296    -13.366   -999.900   -999.900
    -53.060    -16.236    -18.349   -999.900   -999.900      2.113      0.000    -53.060    -53.060    -16.236    -18.349   -999.900   -999.900
    -58.060    -21.202    -23.319   -999.900   -999.900      2.117      0.000    -58.060    -58.060    -21.202    -23.319   -999.900   -999.900
    -63.060    -26.176    -28.308   -999.900   -999.900      2.132      0.000    -63.060    -63.060    -26.176    -28.308   -999.900   -999.900
    -68.060    -31.180    -33.321   -999.900   -999.900      2.141      0.000    -68.060    -68.060    -31.181    -33.322   -999.900   -999.900
    -73.060    -36.151    -38.291   -999.900   -999.900      2.140      0.000    -73.060    -73.060    -36.154    -38.294   -999.900   -999.900
    -78.060    -41.176    -43.249   -999.900   -999.900      2.073      0.000    -78.060    -78.060    -41.185    -43.259   -999.900   -999.900
    -83.060    -46.151    -48.235   -999.900   -999.900      2.084      0.000    -83.060    -83.060    -46.180    -48.268   -999.900   -999.900
    -88.060    -51.106    -53.169   -999.900   -999.900      2.063      0.000    -88.060    -88.060    -51.198    -53.272   -999.900   -999.900
    -93.060    -55.822    -58.030   -999.900   -999.900      2.208      0.000    -93.060    -93.060    -56.102    -58.355   -999.900   -999.900
    -97.060    -59.400    -61.566   -999.900   -999.900      2.166      0.000    -97.060    -97.060    -60.066    -62.338   -999.900   -999.900
   -101.060    -62.555    -64.562   -999.900   -999.900      2.007      0.000   -101.060   -101.060    -64.068    -66.266   -999.900   -999.900
   -103.060    -63.892    -65.879   -999.900   -999.900      1.987      0.000   -103.060   -103.060    -66.112    -68.393   -999.900   -999.900
   -105.060    -64.947    -66.849   -999.900   -999.900      1.902      0.000   -105.060   -105.060    -68.047    -70.312   -999.900   -999.900
   -107.060    -65.873    -67.692   -999.900   -999.900      1.819      0.000   -107.060   -107.060    -70.209    -72.470   -999.900   -999.900
   -110.060    -66.780    -68.461   -999.900   -999.900      1.681      0.000   -110.060   -110.060    -73.320    -75.374   -999.900   -999.900
   -113.060    -67.261    -68.934   -999.900   -999.900      1.673      0.000   -113.060   -113.060    -76.099    -78.445   -999.900   -999.900
   -118.060    -67.656    -69.259   -999.900   -999.900      1.603      0.000   -118.060   -118.060    -80.854    -82.934   -999.900   -999.900
   -123.060    -67.817    -69.363   -999.900   -999.900      1.546      0.000   -123.060   -123.060    -87.051    -86.417   -999.900   -999.900
   -128.060    -67.850    -69.393   -999.900   -999.900      1.543      0.000   -128.060   -128.060    -91.423    -88.284   -999.900   -999.900
   -133.060    -67.860    -69.395   -999.900   -999.900      1.535      0.000   -133.060   -133.060    -94.643    -88.442   -999.900   -999.900
   -138.060    -67.873    -69.396   -999.900   -999.900      1.523      0.000   -138.060   -138.060    -94.643    -88.523   -999.900   -999.900
   -143.060    -67.870    -69.431   -999.900   -999.900      1.561      0.000   -143.060   -143.060    -94.643    -93.163   -999.900   -999.900
   -148.060    -67.928    -69.548   -999.900   -999.900      1.620      0.000   -148.060   -148.060    -94.643    -93.163   -999.900   -999.900
   -148.060    -67.927    -69.546   -999.900   -999.900      1.619      0.000   -148.060   -148.060    -94.643    -93.163   -999.900   -999.900
   -153.060    -67.924    -69.540   -999.900   -999.900      1.616      0.000   -153.060   -153.060    -94.643    -93.163   -999.900   -999.900
   -158.060    -67.931    -69.546   -999.900   -999.900      1.615      0.000   -158.060   -158.060    -94.643    -93.163   -999.900   -999.900
   -163.060    -67.932    -69.538   -999.900   -999.900      1.606      0.000   -163.060   -163.060    -94.643    -93.163   -999.900   -999.900
