    -34.650      5.685      4.879   -999.900   -999.900      0.806      0.000    -34.650    -34.650      5.685      4.879   -999.900   -999.900
    -39.650      1.192      0.152   -999.900   -999.900      1.040      0.000    -39.650    -39.650      1.192      0.152   -999.900   -999.900
    -44.650     -3.666     -4.718   -999.900   -999.900      1.052      0.000    -44.650    -44.650     -3.666     -4.718   -999.900   -999.900
    -49.650     -8.537     -9.517   -999.900   -999.900      0.980      0.000    -49.650    -49.650     -8.537     -9.517   -999.900   -999.900
    -54.650    -13.265    -14.214   -999.900   -999.900      0.949      0.000    -54.650    -54.650    -13.265    -14.214   -999.900   -999.900
    -59.650    -17.986    -18.961   -999.900   -999.900      0.975      0.000    -59.650    -59.650    -17.986    -18.961   -999.900   -999.900
    -64.650    -22.864    -23.876   -999.900   -999.900      1.012      0.000    -64.650    -64.650    -22.864    -23.876   -999.900   -999.900
    -69.650    -27.918    -28.791   -999.900   -999.900      0.873      0.000    -69.650    -69.650    -27.919    -28.793   -999.900   -999.900
    -74.650    -32.935    -33.739   -999.900   -999.900      0.804      0.000    -74.650    -74.650    -32.939    -33.744   -999.900   -999.900
    -80.700    -38.885    -39.659   -999.900   -999.900      0.774      0.000    -80.700    -80.700    -38.901    -39.677   -999.900   -999.900
    -85.700    -43.525    -44.519   -999.900   -999.900      0.994      0.000    -85.700    -85.700    -43.571    -44.576   -999.900   -999.900
    -90.700    -48.251    -49.558   -999.900   -999.900      1.307      0.000    -90.700    -90.700    -48.390    -49.742   -999.900   -999.900
    -95.700    -52.546    -54.284   -999.900   -999.900      1.738      0.000    -95.700    -95.700    -52.931    -54.855   -999.900   -999.900
   -100.700    -56.340    -58.753   -999.900   -999.900      2.413      0.000   -100.700   -100.700    -57.325    -60.590   -999.900   -999.900
   -105.700    -58.832    -61.981   -999.900   -999.900      3.149      0.000   -105.700   -105.700    -60.772    -67.593   -999.900   -999.900
   -110.700    -60.716    -63.209   -999.900   -999.900      2.493      0.000   -110.700   -110.700    -64.242    -77.452   -999.900   -999.900
   -115.700    -62.287    -63.320   -999.900   -999.900      1.033      0.000   -115.700   -115.700    -69.240    -82.273   -999.900   -999.900
   -115.700    -62.884    -63.383   -999.900   -999.900      0.499      0.000   -115.700   -115.700    -73.638    -82.273   -999.900   -999.900
   -120.700    -63.248    -63.398   -999.900   -999.900      0.150      0.000   -120.700   -120.700    -87.251    -82.273   -999.900   -999.900
   -125.700    -63.268    -63.376   -999.900   -999.900      0.108      0.000   -125.700   -125.700    -87.251    -82.273   -999.900   -999.900
   -130.700    -63.280    -63.353   -999.900   -999.900      0.073      0.000   -130.700   -130.700    -87.251    -82.273   -999.900   -999.900
