    -34.650      5.887      5.088   -999.900   -999.900      0.799      0.000    -34.650    -34.650      5.887      5.088   -999.900   -999.900
    -39.650      1.437      0.481   -999.900   -999.900      0.956      0.000    -39.650    -39.650      1.437      0.481   -999.900   -999.900
    -44.650     -3.430     -4.446   -999.900   -999.900      1.016      0.000    -44.650    -44.650     -3.430     -4.446   -999.900   -999.900
    -49.650     -8.369     -9.425   -999.900   -999.900      1.056      0.000    -49.650    -49.650     -8.369     -9.425   -999.900   -999.900
    -54.650    -13.289    -14.371   -999.900   -999.900      1.082      0.000    -54.650    -54.650    -13.289    -14.371   -999.900   -999.900
    -59.650    -18.166    -19.280   -999.900   -999.900      1.114      0.000    -59.650    -59.650    -18.166    -19.280   -999.900   -999.900
    -64.650    -22.918    -24.105   -999.900   -999.900      1.187      0.000    -64.650    -64.650    -22.918    -24.105   -999.900   -999.900
    -69.650    -27.733    -28.968   -999.900   -999.900      1.235      0.000    -69.650    -69.650    -27.734    -28.969   -999.900   -999.900
    -74.650    -32.565    -33.766   -999.900   -999.900      1.201      0.000    -74.650    -74.650    -32.569    -33.770   -999.900   -999.900
    -80.700    -38.542    -40.477   -999.900   -999.900      1.935      0.000    -80.700    -80.700    -38.558    -40.497   -999.900   -999.900
    -85.700    -43.142    -45.459   -999.900   -999.900      2.317      0.000    -85.700    -85.700    -43.188    -45.523   -999.900   -999.900
    -90.700    -48.466    -50.369   -999.900   -999.900      1.903      0.000    -90.700    -90.700    -48.626    -50.571   -999.900   -999.900
    -95.700    -52.301    -54.961   -999.900   -999.900      2.660      0.000    -95.700    -95.700    -52.699    -55.570   -999.900   -999.900
   -100.700    -56.562    -59.296   -999.900   -999.900      2.734      0.000   -100.700   -100.700    -57.716    -61.202   -999.900   -999.900
   -105.700    -59.373    -62.742   -999.900   -999.900      3.369      0.000   -105.700   -105.700    -61.937    -69.425   -999.900   -999.900
   -110.700    -61.523    -63.477   -999.900   -999.900      1.954      0.000   -110.700   -110.700    -67.234    -75.038   -999.900   -999.900
   -115.700    -62.266    -63.622   -999.900   -999.900      1.356      0.000   -115.700   -115.700    -71.061    -77.799   -999.900   -999.900
   -115.700    -62.664    -63.844   -999.900   -999.900      1.180      0.000   -115.700   -115.700    -75.792    -77.799   -999.900   -999.900
   -120.700    -62.891    -63.825   -999.900   -999.900      0.934      0.000   -120.700   -120.700    -75.792    -77.799   -999.900   -999.900
   -125.700    -62.879    -63.786   -999.900   -999.900      0.907      0.000   -125.700   -125.700    -75.792    -77.799   -999.900   -999.900
   -130.700    -62.872    -63.763   -999.900   -999.900      0.891      0.000   -130.700   -130.700    -75.792    -77.799   -999.900   -999.900
