    -26.700      8.476      6.518   -999.900   -999.900      1.958      0.000    -26.700    -26.700      8.476      6.518   -999.900   -999.900
    -28.700      7.409      5.128   -999.900   -999.900      2.281      0.000    -28.700    -28.700      7.409      5.128   -999.900   -999.900
    -30.700      5.990      3.497   -999.900   -999.900      2.493      0.000    -30.700    -30.700      5.990      3.497   -999.900   -999.900
    -32.700      4.411      1.772   -999.900   -999.900      2.639      0.000    -32.700    -32.700      4.411      1.772   -999.900   -999.900
    -34.700      2.787      0.057   -999.900   -999.900      2.730      0.000    -34.700    -34.700      2.787      0.057   -999.900   -999.900
    -37.700      0.222     -2.633   -999.900   -999.900      2.855      0.000    -37.700    -37.700      0.222     -2.633   -999.900   -999.900
    -42.700     -3.928     -6.948   -999.900   -999.900      3.020      0.000    -42.700    -42.700     -3.928     -6.948   -999.900   -999.900
    -47.700     -8.906    -11.927   -999.900   -999.900      3.021      0.000    -47.700    -47.700     -8.906    -11.927   -999.900   -999.900
    -52.700    -13.907    -16.918   -999.900   -999.900      3.011      0.000    -52.700    -52.700    -13.907    -16.918   -999.900   -999.900
    -57.700    -18.875    -21.904   -999.900   -999.900      3.029      0.000    -57.700    -57.700    -18.875    -21.904   -999.900   -999.900
    -62.700    -23.838    -26.878   -999.900   -999.900      3.040      0.000    -62.700    -62.700    -23.838    -26.878   -999.900   -999.900
    -67.700    -28.846    -31.894   -999.900   -999.900      3.048      0.000    -67.700    -67.700    -28.847    -31.895   -999.900   -999.900
    -72.700    -33.839    -36.890   -999.900   -999.900      3.051      0.000    -72.700    -72.700    -33.841    -36.892   -999.900   -999.900
    -77.700    -38.808    -41.874   -999.900   -999.900      3.066      0.000    -77.700    -77.700    -38.814    -41.881   -999.900   -999.900
    -82.700    -43.816    -46.888   -999.900   -999.900      3.072      0.000    -82.700    -82.700    -43.834    -46.911   -999.900   -999.900
    -87.700    -48.091    -51.271   -999.900   -999.900      3.180      0.000    -87.700    -87.700    -48.139    -51.334   -999.900   -999.900
    -92.700    -51.738    -55.101   -999.900   -999.900      3.363      0.000    -92.700    -92.700    -51.849    -55.255   -999.900   -999.900
    -96.700    -54.646    -58.127   -999.900   -999.900      3.481      0.000    -96.700    -96.700    -54.866    -58.443   -999.900   -999.900
   -100.700    -57.439    -60.936   -999.900   -999.900      3.497      0.000   -100.700   -100.700    -57.867    -61.560   -999.900   -999.900
   -102.700    -58.590    -62.136   -999.900   -999.900      3.546      0.000   -102.700   -102.700    -59.156    -62.979   -999.900   -999.900
   -104.700    -59.744    -63.285   -999.900   -999.900      3.541      0.000   -104.700   -104.700    -60.498    -64.419   -999.900   -999.900
   -106.700    -60.585    -64.118   -999.900   -999.900      3.533      0.000   -106.700   -106.700    -61.519    -65.536   -999.900   -999.900
   -109.700    -61.825    -65.294   -999.900   -999.900      3.469      0.000   -109.700   -109.700    -63.118    -67.267   -999.900   -999.900
   -112.700    -62.845    -66.210   -999.900   -999.900      3.365      0.000   -112.700   -112.700    -64.556    -68.813   -999.900   -999.900
   -117.700    -65.654    -68.306   -999.900   -999.900      2.652      0.000   -117.700   -117.700    -69.877    -74.000   -999.900   -999.900
   -122.700    -67.159    -69.318   -999.900   -999.900      2.159      0.000   -122.700   -122.700    -76.345    -80.404   -999.900   -999.900
   -127.700    -67.802    -69.699   -999.900   -999.900      1.897      0.000   -127.700   -127.700    -76.345    -80.404   -999.900   -999.900
   -132.700    -68.000    -69.840   -999.900   -999.900      1.840      0.000   -132.700   -132.700    -76.345    -80.404   -999.900   -999.900
   -137.700    -68.045    -69.883   -999.900   -999.900      1.838      0.000   -137.700   -137.700    -76.345    -80.404   -999.900   -999.900
   -142.700    -68.078    -69.895   -999.900   -999.900      1.817      0.000   -142.700   -142.700    -76.345    -80.404   -999.900   -999.900
   -147.700    -68.188    -69.948   -999.900   -999.900      1.760      0.000   -147.700   -147.700    -76.345    -80.404   -999.900   -999.900
   -147.700    -68.184    -69.947   -999.900   -999.900      1.763      0.000   -147.700   -147.700    -76.345    -80.404   -999.900   -999.900
   -152.700    -68.180    -69.950   -999.900   -999.900      1.770      0.000   -152.700   -152.700    -76.345    -80.404   -999.900   -999.900
   -157.700    -68.186    -69.947   -999.900   -999.900      1.761      0.000   -157.700   -157.700    -76.345    -80.404   -999.900   -999.900
   -162.700    -68.187    -69.949   -999.900   -999.900      1.762      0.000   -162.700   -162.700    -76.345    -80.404   -999.900   -999.900
