    -56.710    -17.267    -16.903   -999.900   -999.900     -0.364      0.000    -56.710    -56.710    -17.267    -16.903   -999.900   -999.900
    -61.710    -22.130    -21.827   -999.900   -999.900     -0.303      0.000    -61.710    -61.710    -22.131    -21.827   -999.900   -999.900
    -66.710    -27.046    -26.836   -999.900   -999.900     -0.210      0.000    -66.710    -66.710    -27.048    -26.837   -999.900   -999.900
    -71.710    -32.068    -31.936   -999.900   -999.900     -0.132      0.000    -71.710    -71.710    -32.074    -31.941   -999.900   -999.900
    -76.710    -36.915    -37.048   -999.900   -999.900      0.133      0.000    -76.710    -76.710    -36.932    -37.063   -999.900   -999.900
    -81.710    -41.581    -42.077   -999.900   -999.900      0.496      0.000    -81.710    -81.710    -41.631    -42.124   -999.900   -999.900
    -86.710    -46.266    -46.829   -999.900   -999.900      0.563      0.000    -86.710    -86.710    -46.416    -46.970   -999.900   -999.900
    -91.710    -50.841    -51.346   -999.900   -999.900      0.505      0.000    -91.710    -91.710    -51.286    -51.759   -999.900   -999.900
    -96.710    -54.916    -55.399   -999.900   -999.900      0.483      0.000    -96.710    -96.710    -56.160    -56.537   -999.900   -999.900
   -101.710    -57.974    -58.693   -999.900   -999.900      0.719      0.000   -101.710   -101.710    -61.017    -61.635   -999.900   -999.900
   -106.710    -59.790    -60.669   -999.900   -999.900      0.879      0.000   -106.710   -106.710    -66.084    -67.159   -999.900   -999.900
   -111.710    -60.614    -61.481   -999.900   -999.900      0.867      0.000   -111.710   -111.710    -71.870    -73.356   -999.900   -999.900
   -116.710    -60.877    -61.726   -999.900   -999.900      0.849      0.000   -116.710   -116.710    -78.540    -81.442   -999.900   -999.900
   -121.710    -60.968    -61.780   -999.900   -999.900      0.812      0.000   -121.710   -121.710    -78.540    -81.442   -999.900   -999.900
   -121.710    -60.961    -61.778   -999.900   -999.900      0.817      0.000   -121.710   -121.710    -78.540    -81.442   -999.900   -999.900
   -126.710    -60.965    -61.789   -999.900   -999.900      0.824      0.000   -126.710   -126.710    -78.540    -81.442   -999.900   -999.900
   -131.710    -60.968    -61.782   -999.900   -999.900      0.814      0.000   -131.710   -131.710    -78.540    -81.442   -999.900   -999.900
   -136.710    -60.974    -61.781   -999.900   -999.900      0.807      0.000   -136.710   -136.710    -78.540    -81.442   -999.900   -999.900
