    -56.710    -16.866    -16.254   -999.900   -999.900     -0.612      0.000    -56.710    -56.710    -16.866    -16.254   -999.900   -999.900
    -61.710    -21.774    -21.187   -999.900   -999.900     -0.587      0.000    -61.710    -61.710    -21.775    -21.187   -999.900   -999.900
    -66.710    -26.740    -26.177   -999.900   -999.900     -0.563      0.000    -66.710    -66.710    -26.742    -26.178   -999.900   -999.900
    -71.710    -31.749    -31.256   -999.900   -999.900     -0.493      0.000    -71.710    -71.710    -31.754    -31.260   -999.900   -999.900
    -76.710    -36.635    -36.405   -999.900   -999.900     -0.230      0.000    -76.710    -76.710    -36.652    -36.418   -999.900   -999.900
    -81.710    -41.218    -41.431   -999.900   -999.900      0.213      0.000    -81.710    -81.710    -41.267    -41.471   -999.900   -999.900
    -86.710    -45.817    -46.247   -999.900   -999.900      0.430      0.000    -86.710    -86.710    -45.959    -46.370   -999.900   -999.900
    -91.710    -50.342    -50.618   -999.900   -999.900      0.276      0.000    -91.710    -91.710    -50.758    -50.962   -999.900   -999.900
    -96.710    -54.415    -54.608   -999.900   -999.900      0.193      0.000    -96.710    -96.710    -55.568    -55.528   -999.900   -999.900
   -101.710    -57.526    -57.935   -999.900   -999.900      0.409      0.000   -101.710   -101.710    -60.342    -60.232   -999.900   -999.900
   -106.710    -59.306    -59.995   -999.900   -999.900      0.689      0.000   -106.710   -106.710    -64.817    -64.681   -999.900   -999.900
   -111.710    -60.276    -61.057   -999.900   -999.900      0.781      0.000   -111.710   -111.710    -70.224    -69.096   -999.900   -999.900
   -116.710    -60.596    -61.467   -999.900   -999.900      0.871      0.000   -116.710   -116.710    -75.481    -72.796   -999.900   -999.900
   -121.710    -60.767    -61.844   -999.900   -999.900      1.077      0.000   -121.710   -121.710    -75.481    -72.796   -999.900   -999.900
   -121.710    -60.766    -61.863   -999.900   -999.900      1.097      0.000   -121.710   -121.710    -75.481    -72.796   -999.900   -999.900
   -126.710    -60.765    -61.870   -999.900   -999.900      1.105      0.000   -126.710   -126.710    -75.481    -72.796   -999.900   -999.900
   -131.710    -60.769    -61.871   -999.900   -999.900      1.102      0.000   -131.710   -131.710    -75.481    -72.796   -999.900   -999.900
   -136.710    -60.776    -61.896   -999.900   -999.900      1.120      0.000   -136.710   -136.710    -75.481    -72.796   -999.900   -999.900
