    -56.710    -17.337    -16.909   -999.900   -999.900     -0.428      0.000    -56.710    -56.710    -17.337    -16.909   -999.900   -999.900
    -61.710    -22.200    -21.838   -999.900   -999.900     -0.362      0.000    -61.710    -61.710    -22.201    -21.838   -999.900   -999.900
    -66.710    -27.104    -26.830   -999.900   -999.900     -0.274      0.000    -66.710    -66.710    -27.106    -26.831   -999.900   -999.900
    -71.710    -32.133    -31.963   -999.900   -999.900     -0.170      0.000    -71.710    -71.710    -32.139    -31.968   -999.900   -999.900
    -76.710    -36.993    -37.044   -999.900   -999.900      0.051      0.000    -76.710    -76.710    -37.010    -37.059   -999.900   -999.900
    -81.710    -41.599    -42.084   -999.900   -999.900      0.485      0.000    -81.710    -81.710    -41.649    -42.131   -999.900   -999.900
    -86.710    -46.312    -46.782   -999.900   -999.900      0.470      0.000    -86.710    -86.710    -46.462    -46.922   -999.900   -999.900
    -91.710    -50.824    -51.297   -999.900   -999.900      0.473      0.000    -91.710    -91.710    -51.263    -51.705   -999.900   -999.900
    -96.710    -54.826    -55.442   -999.900   -999.900      0.616      0.000    -96.710    -96.710    -56.026    -56.592   -999.900   -999.900
   -101.710    -57.997    -58.693   -999.900   -999.900      0.696      0.000   -101.710   -101.710    -61.017    -61.632   -999.900   -999.900
   -106.710    -59.774    -60.629   -999.900   -999.900      0.855      0.000   -106.710   -106.710    -65.873    -66.974   -999.900   -999.900
   -111.710    -60.613    -61.437   -999.900   -999.900      0.824      0.000   -111.710   -111.710    -71.331    -72.688   -999.900   -999.900
   -116.710    -60.918    -61.727   -999.900   -999.900      0.809      0.000   -116.710   -116.710    -78.322    -81.277   -999.900   -999.900
   -121.710    -61.016    -61.792   -999.900   -999.900      0.776      0.000   -121.710   -121.710    -78.322    -81.277   -999.900   -999.900
   -121.710    -61.013    -61.784   -999.900   -999.900      0.771      0.000   -121.710   -121.710    -78.322    -81.277   -999.900   -999.900
   -126.710    -61.012    -61.789   -999.900   -999.900      0.777      0.000   -126.710   -126.710    -78.322    -81.277   -999.900   -999.900
   -131.710    -61.014    -61.787   -999.900   -999.900      0.773      0.000   -131.710   -131.710    -78.322    -81.277   -999.900   -999.900
   -136.710    -61.014    -61.774   -999.900   -999.900      0.760      0.000   -136.710   -136.710    -78.322    -81.277   -999.900   -999.900
