    -35.730      5.047      4.869   -999.900   -999.900      0.178      0.000    -35.730    -35.730      5.047      4.869   -999.900   -999.900
    -40.730      0.467      0.241   -999.900   -999.900      0.226      0.000    -40.730    -40.730      0.467      0.241   -999.900   -999.900
    -45.730     -4.405     -4.634   -999.900   -999.900      0.229      0.000    -45.730    -45.730     -4.405     -4.634   -999.900   -999.900
    -50.730     -9.202     -9.511   -999.900   -999.900      0.309      0.000    -50.730    -50.730     -9.202     -9.511   -999.900   -999.900
    -55.730    -14.049    -14.259   -999.900   -999.900      0.210      0.000    -55.730    -55.730    -14.049    -14.259   -999.900   -999.900
    -60.730    -18.895    -18.960   -999.900   -999.900      0.065      0.000    -60.730    -60.730    -18.895    -18.960   -999.900   -999.900
    -65.730    -23.854    -23.834   -999.900   -999.900     -0.020      0.000    -65.730    -65.730    -23.855    -23.835   -999.900   -999.900
    -70.730    -28.859    -28.856   -999.900   -999.900     -0.003      0.000    -70.730    -70.730    -28.862    -28.858   -999.900   -999.900
    -75.730    -33.919    -34.046   -999.900   -999.900      0.127      0.000    -75.730    -75.730    -33.930    -34.054   -999.900   -999.900
    -81.680    -39.910    -40.871   -999.900   -999.900      0.961      0.000    -81.680    -81.680    -39.954    -40.911   -999.900   -999.900
    -86.680    -44.512    -45.750   -999.900   -999.900      1.238      0.000    -86.680    -86.680    -44.640    -45.873   -999.900   -999.900
    -91.680    -49.033    -50.193   -999.900   -999.900      1.160      0.000    -91.680    -91.680    -49.405    -50.543   -999.900   -999.900
    -96.680    -52.984    -54.345   -999.900   -999.900      1.361      0.000    -96.680    -96.680    -53.974    -55.323   -999.900   -999.900
   -101.680    -56.514    -57.660   -999.900   -999.900      1.146      0.000   -101.680   -101.680    -59.185    -60.120   -999.900   -999.900
   -106.680    -58.427    -59.756   -999.900   -999.900      1.329      0.000   -106.680   -106.680    -63.857    -64.994   -999.900   -999.900
   -111.680    -59.398    -60.682   -999.900   -999.900      1.284      0.000   -111.680   -111.680    -69.077    -69.449   -999.900   -999.900
   -116.680    -59.761    -61.081   -999.900   -999.900      1.320      0.000   -116.680   -116.680    -75.007    -74.144   -999.900   -999.900
   -121.680    -59.901    -61.330   -999.900   -999.900      1.429      0.000   -121.680   -121.680    -75.007    -74.144   -999.900   -999.900
   -121.680    -59.910    -61.335   -999.900   -999.900      1.425      0.000   -121.680   -121.680    -75.007    -74.144   -999.900   -999.900
   -126.680    -59.919    -61.337   -999.900   -999.900      1.418      0.000   -126.680   -126.680    -75.007    -74.144   -999.900   -999.900
   -131.680    -59.930    -61.351   -999.900   -999.900      1.421      0.000   -131.680   -131.680    -75.007    -74.144   -999.900   -999.900
   -136.680    -59.938    -61.379   -999.900   -999.900      1.441      0.000   -136.680   -136.680    -75.007    -74.144   -999.900   -999.900
