    -34.000     -0.839    -50.572   -999.900   -999.900     49.733      0.000    -34.000    -34.000     -0.839    -50.655   -999.900   -999.900
    -39.000     -2.605    -55.016   -999.900   -999.900     52.411      0.000    -39.000    -39.000     -2.605    -55.251   -999.900   -999.900
    -44.000     -6.655    -58.799   -999.900   -999.900     52.145      0.000    -44.000    -44.000     -6.655    -59.384   -999.900   -999.900
    -49.000    -11.356    -61.823   -999.900   -999.900     50.468      0.000    -49.000    -49.000    -11.356    -63.089   -999.900   -999.900
    -54.000    -16.177    -63.940   -999.900   -999.900     47.763      0.000    -54.000    -54.000    -16.177    -66.244   -999.900   -999.900
    -59.000    -21.149    -65.685   -999.900   -999.900     44.537      0.000    -59.000    -59.000    -21.149    -69.836   -999.900   -999.900
    -64.000    -25.381    -66.006   -999.900   -999.900     40.625      0.000    -64.000    -64.000    -25.381    -70.723   -999.900   -999.900
    -69.000    -30.654    -66.470   -999.900   -999.900     35.816      0.000    -69.000    -69.000    -30.655    -72.275   -999.900   -999.900
    -74.000    -35.749    -66.866   -999.900   -999.900     31.117      0.000    -74.000    -74.000    -35.753    -74.027   -999.900   -999.900
    -79.000    -40.209    -65.832   -999.900   -999.900     25.622      0.000    -79.000    -79.000    -40.220    -70.226   -999.900   -999.900
    -84.000    -44.904    -67.070   -999.900   -999.900     22.166      0.000    -84.000    -84.000    -44.935    -75.209   -999.900   -999.900
    -89.000    -49.703    -67.493   -999.900   -999.900     17.790      0.000    -89.000    -89.000    -49.798    -79.240   -999.900   -999.900
    -94.000    -54.403    -67.591   -999.900   -999.900     13.188      0.000    -94.000    -94.000    -54.688    -80.999   -999.900   -999.900
    -99.000    -58.939    -67.716   -999.900   -999.900      8.777      0.000    -99.000    -99.000    -59.805    -85.251   -999.900   -999.900
   -104.000    -62.331    -67.681   -999.900   -999.900      5.350      0.000   -104.000   -104.000    -64.512    -83.607   -999.900   -999.900
   -109.000    -64.734    -67.736   -999.900   -999.900      3.002      0.000   -109.000   -109.000    -69.770    -86.520   -999.900   -999.900
   -114.000    -65.947    -67.744   -999.900   -999.900      1.796      0.000   -114.000   -114.000    -76.293    -87.161   -999.900   -999.900
   -119.000    -66.375    -67.688   -999.900   -999.900      1.313      0.000   -119.000   -119.000    -76.293    -83.889   -999.900   -999.900
   -124.000    -66.358    -67.720   -999.900   -999.900      1.362      0.000   -124.000   -124.000    -76.293    -85.488   -999.900   -999.900
   -129.000    -66.384    -67.702   -999.900   -999.900      1.319      0.000   -129.000   -129.000    -76.293    -84.523   -999.900   -999.900
   -134.000    -66.590    -67.960   -999.900   -999.900      1.370      0.000   -134.000   -134.000    -76.293    -84.523   -999.900   -999.900
   -139.000    -66.586    -67.956   -999.900   -999.900      1.370      0.000   -139.000   -139.000    -76.293    -84.523   -999.900   -999.900
