     16.000     13.556     13.572   -999.900   -999.900     -0.017      0.000     16.000     16.000     13.556     13.572   -999.900   -999.900
     14.000     13.003     13.032   -999.900   -999.900     -0.029      0.000     14.000     14.000     13.003     13.032   -999.900   -999.900
     12.000     11.849     11.932   -999.900   -999.900     -0.082      0.000     12.000     12.000     11.849     11.932   -999.900   -999.900
     10.000      9.852      9.930   -999.900   -999.900     -0.077      0.000     10.000     10.000      9.852      9.930   -999.900   -999.900
      8.000      7.851      7.923   -999.900   -999.900     -0.071      0.000      8.000      8.000      7.851      7.923   -999.900   -999.900
      6.000      5.844      5.911   -999.900   -999.900     -0.066      0.000      6.000      6.000      5.844      5.911   -999.900   -999.900
      4.000      3.833      3.896   -999.900   -999.900     -0.064      0.000      4.000      4.000      3.833      3.896   -999.900   -999.900
      2.000      1.825      1.887   -999.900   -999.900     -0.062      0.000      2.000      2.000      1.825      1.887   -999.900   -999.900
      0.000     -0.103     -0.037   -999.900   -999.900     -0.067      0.000      0.000      0.000     -0.103     -0.037   -999.900   -999.900
     -2.000     -2.115     -2.049   -999.900   -999.900     -0.067      0.000     -2.000     -2.000     -2.115     -2.049   -999.900   -999.900
     -4.000     -4.121     -4.056   -999.900   -999.900     -0.065      0.000     -4.000     -4.000     -4.121     -4.056   -999.900   -999.900
     -6.000     -6.116     -6.046   -999.900   -999.900     -0.070      0.000     -6.000     -6.000     -6.116     -6.046   -999.900   -999.900
     -8.000     -8.111     -8.040   -999.900   -999.900     -0.072      0.000     -8.000     -8.000     -8.111     -8.040   -999.900   -999.900
    -10.000    -10.100    -10.030   -999.900   -999.900     -0.070      0.000    -10.000    -10.000    -10.100    -10.030   -999.900   -999.900
    -12.000    -12.117    -12.061   -999.900   -999.900     -0.057      0.000    -12.000    -12.000    -12.117    -12.061   -999.900   -999.900
    -14.000    -14.124    -14.077   -999.900   -999.900     -0.047      0.000    -14.000    -14.000    -14.124    -14.077   -999.900   -999.900
    -16.000    -16.127    -16.085   -999.900   -999.900     -0.042      0.000    -16.000    -16.000    -16.127    -16.085   -999.900   -999.900
    -18.000    -18.132    -18.098   -999.900   -999.900     -0.035      0.000    -18.000    -18.000    -18.132    -18.098   -999.900   -999.900
    -20.000    -20.140    -20.127   -999.900   -999.900     -0.013      0.000    -20.000    -20.000    -20.140    -20.127   -999.900   -999.900
    -22.000    -22.169    -22.172   -999.900   -999.900      0.003      0.000    -22.000    -22.000    -22.169    -22.172   -999.900   -999.900
    -24.000    -24.185    -24.203   -999.900   -999.900      0.018      0.000    -24.000    -24.000    -24.185    -24.203   -999.900   -999.900
    -26.000    -26.191    -26.254   -999.900   -999.900      0.064      0.000    -26.000    -26.000    -26.191    -26.254   -999.900   -999.900
    -28.000    -28.213    -28.299   -999.900   -999.900      0.086      0.000    -28.000    -28.000    -28.213    -28.299   -999.900   -999.900
    -30.000    -30.260    -30.381   -999.900   -999.900      0.121      0.000    -30.000    -30.000    -30.260    -30.382   -999.900   -999.900
    -32.000    -32.319    -32.489   -999.900   -999.900      0.170      0.000    -32.000    -32.000    -32.320    -32.490   -999.900   -999.900
    -34.000    -34.316    -34.615   -999.900   -999.900      0.299      0.000    -34.000    -34.000    -34.317    -34.616   -999.900   -999.900
    -36.000    -36.369    -36.671   -999.900   -999.900      0.302      0.000    -36.000    -36.000    -36.370    -36.672   -999.900   -999.900
    -38.000    -38.380    -38.833   -999.900   -999.900      0.453      0.000    -38.000    -38.000    -38.383    -38.836   -999.900   -999.900
    -40.000    -40.197    -40.998   -999.900   -999.900      0.800      0.000    -40.000    -40.000    -40.201    -41.001   -999.900   -999.900
    -42.000    -42.130    -43.013   -999.900   -999.900      0.883      0.000    -42.000    -42.000    -42.137    -43.019   -999.900   -999.900
    -44.000    -44.141    -44.928   -999.900   -999.900      0.787      0.000    -44.000    -44.000    -44.151    -44.937   -999.900   -999.900
    -46.000    -45.983    -46.553   -999.900   -999.900      0.570      0.000    -46.000    -46.000    -45.999    -46.566   -999.900   -999.900
    -48.000    -47.862    -48.060   -999.900   -999.900      0.198      0.000    -48.000    -48.000    -47.886    -48.078   -999.900   -999.900
    -50.000    -49.836    -49.886   -999.900   -999.900      0.050      0.000    -50.000    -50.000    -49.873    -49.914   -999.900   -999.900
    -52.000    -51.819    -51.940   -999.900   -999.900      0.121      0.000    -52.000    -52.000    -51.878    -51.985   -999.900   -999.900
    -54.000    -53.804    -54.007   -999.900   -999.900      0.203      0.000    -54.000    -54.000    -53.897    -54.080   -999.900   -999.900
    -56.000    -55.766    -56.013   -999.900   -999.900      0.247      0.000    -56.000    -56.000    -55.914    -56.129   -999.900   -999.900
    -58.000    -57.673    -57.972   -999.900   -999.900      0.298      0.000    -58.000    -58.000    -57.905    -58.155   -999.900   -999.900
    -60.000    -59.591    -59.998   -999.900   -999.900      0.407      0.000    -60.000    -60.000    -59.957    -60.294   -999.900   -999.900
    -62.000    -61.449    -61.954   -999.900   -999.900      0.504      0.000    -62.000    -62.000    -62.025    -62.429   -999.900   -999.900
    -64.000    -63.219    -63.824   -999.900   -999.900      0.605      0.000    -64.000    -64.000    -64.116    -64.578   -999.900   -999.900
    -66.000    -64.867    -65.581   -999.900   -999.900      0.714      0.000    -66.000    -66.000    -66.250    -66.767   -999.900   -999.900
    -68.000    -66.298    -67.061   -999.900   -999.900      0.763      0.000    -68.000    -68.000    -68.369    -68.840   -999.900   -999.900
    -70.000    -67.632    -68.546   -999.900   -999.900      0.913      0.000    -70.000    -70.000    -70.779    -71.327   -999.900   -999.900
    -72.000    -68.671    -69.668   -999.900   -999.900      0.997      0.000    -72.000    -72.000    -73.288    -73.784   -999.900   -999.900
    -74.000    -69.506    -70.555   -999.900   -999.900      1.049      0.000    -74.000    -74.000    -76.358    -76.594   -999.900   -999.900
    -76.000    -70.163    -71.346   -999.900   -999.900      1.183      0.000    -76.000    -76.000    -81.305    -81.401   -999.900   -999.900
    -78.000    -70.624    -71.925   -999.900   -999.900      1.301      0.000    -78.000    -78.000    -81.305    -81.401   -999.900   -999.900
    -80.000    -70.939    -72.372   -999.900   -999.900      1.433      0.000    -80.000    -80.000    -81.305    -81.401   -999.900   -999.900
    -82.000    -71.156    -72.573   -999.900   -999.900      1.417      0.000    -82.000    -82.000    -81.305    -81.401   -999.900   -999.900
    -84.000    -71.303    -72.795   -999.900   -999.900      1.492      0.000    -84.000    -84.000    -81.305    -81.401   -999.900   -999.900
    -86.000    -71.363    -72.841   -999.900   -999.900      1.478      0.000    -86.000    -86.000    -81.305    -81.401   -999.900   -999.900
    -88.000    -71.403    -72.950   -999.900   -999.900      1.546      0.000    -88.000    -88.000    -81.305    -81.401   -999.900   -999.900
    -90.000    -71.455    -72.991   -999.900   -999.900      1.536      0.000    -90.000    -90.000    -81.305    -81.401   -999.900   -999.900
    -92.000    -71.482    -72.999   -999.900   -999.900      1.516      0.000    -92.000    -92.000    -81.305    -81.401   -999.900   -999.900
    -94.000    -71.528    -72.990   -999.900   -999.900      1.462      0.000    -94.000    -94.000    -81.305    -81.401   -999.900   -999.900
    -96.000    -71.528    -73.046   -999.900   -999.900      1.517      0.000    -96.000    -96.000    -81.305    -81.401   -999.900   -999.900
    -98.000    -71.525    -73.043   -999.900   -999.900      1.518      0.000    -98.000    -98.000    -81.305    -81.401   -999.900   -999.900
