     18.000     14.024     14.012   -999.900   -999.900      0.012      0.000     18.000     18.000     14.024     14.012   -999.900   -999.900
     16.000     13.439     13.431   -999.900   -999.900      0.008      0.000     16.000     16.000     13.439     13.431   -999.900   -999.900
     14.000     12.976     12.965   -999.900   -999.900      0.011      0.000     14.000     14.000     12.976     12.965   -999.900   -999.900
     12.000     12.172     12.175   -999.900   -999.900     -0.003      0.000     12.000     12.000     12.172     12.175   -999.900   -999.900
     10.000     10.238     10.239   -999.900   -999.900     -0.001      0.000     10.000     10.000     10.238     10.239   -999.900   -999.900
      8.000      8.239      8.237   -999.900   -999.900      0.002      0.000      8.000      8.000      8.239      8.237   -999.900   -999.900
      6.000      6.231      6.229   -999.900   -999.900      0.002      0.000      6.000      6.000      6.231      6.229   -999.900   -999.900
      4.000      4.223      4.217   -999.900   -999.900      0.006      0.000      4.000      4.000      4.223      4.217   -999.900   -999.900
      2.000      2.216      2.209   -999.900   -999.900      0.007      0.000      2.000      2.000      2.216      2.209   -999.900   -999.900
      0.000      0.211      0.207   -999.900   -999.900      0.004      0.000      0.000      0.000      0.211      0.207   -999.900   -999.900
     -2.000     -1.804     -1.805   -999.900   -999.900      0.001      0.000     -2.000     -2.000     -1.804     -1.805   -999.900   -999.900
     -4.000     -3.810     -3.812   -999.900   -999.900      0.002      0.000     -4.000     -4.000     -3.810     -3.812   -999.900   -999.900
     -6.000     -5.809     -5.806   -999.900   -999.900     -0.003      0.000     -6.000     -6.000     -5.809     -5.806   -999.900   -999.900
     -8.000     -7.804     -7.798   -999.900   -999.900     -0.006      0.000     -8.000     -8.000     -7.804     -7.798   -999.900   -999.900
    -10.000     -9.805     -9.798   -999.900   -999.900     -0.007      0.000    -10.000    -10.000     -9.805     -9.798   -999.900   -999.900
    -12.000    -11.832    -11.816   -999.900   -999.900     -0.016      0.000    -12.000    -12.000    -11.832    -11.816   -999.900   -999.900
    -14.000    -13.852    -13.834   -999.900   -999.900     -0.018      0.000    -14.000    -14.000    -13.852    -13.834   -999.900   -999.900
    -16.000    -15.862    -15.843   -999.900   -999.900     -0.019      0.000    -16.000    -16.000    -15.862    -15.843   -999.900   -999.900
    -18.000    -17.862    -17.864   -999.900   -999.900      0.002      0.000    -18.000    -18.000    -17.862    -17.864   -999.900   -999.900
    -20.000    -19.884    -19.894   -999.900   -999.900      0.010      0.000    -20.000    -20.000    -19.884    -19.894   -999.900   -999.900
    -22.000    -21.930    -21.939   -999.900   -999.900      0.009      0.000    -22.000    -22.000    -21.930    -21.939   -999.900   -999.900
    -24.000    -23.964    -23.978   -999.900   -999.900      0.014      0.000    -24.000    -24.000    -23.964    -23.978   -999.900   -999.900
    -26.000    -26.012    -26.001   -999.900   -999.900     -0.011      0.000    -26.000    -26.000    -26.012    -26.002   -999.900   -999.900
    -28.000    -28.053    -28.041   -999.900   -999.900     -0.012      0.000    -28.000    -28.000    -28.053    -28.042   -999.900   -999.900
    -30.000    -30.122    -30.074   -999.900   -999.900     -0.048      0.000    -30.000    -30.000    -30.122    -30.076   -999.900   -999.900
    -32.000    -32.228    -32.109   -999.900   -999.900     -0.119      0.000    -32.000    -32.000    -32.229    -32.112   -999.900   -999.900
    -34.000    -34.373    -34.075   -999.900   -999.900     -0.298      0.000    -34.000    -34.000    -34.374    -34.079   -999.900   -999.900
    -36.000    -36.407    -36.057   -999.900   -999.900     -0.350      0.000    -36.000    -36.000    -36.409    -36.063   -999.900   -999.900
    -38.000    -38.543    -38.105   -999.900   -999.900     -0.438      0.000    -38.000    -38.000    -38.545    -38.115   -999.900   -999.900
    -40.000    -40.727    -40.057   -999.900   -999.900     -0.670      0.000    -40.000    -40.000    -40.731    -40.073   -999.900   -999.900
    -42.000    -42.873    -41.992   -999.900   -999.900     -0.881      0.000    -42.000    -42.000    -42.880    -42.017   -999.900   -999.900
    -44.000    -45.173    -44.038   -999.900   -999.900     -1.135      0.000    -44.000    -44.000    -45.184    -44.079   -999.900   -999.900
    -46.000    -47.534    -46.010   -999.900   -999.900     -1.524      0.000    -46.000    -46.000    -47.554    -46.074   -999.900   -999.900
    -48.000    -49.853    -47.863   -999.900   -999.900     -1.990      0.000    -48.000    -48.000    -49.887    -47.961   -999.900   -999.900
    -50.000    -52.263    -49.677   -999.900   -999.900     -2.586      0.000    -50.000    -50.000    -52.322    -49.827   -999.900   -999.900
    -52.000    -54.401    -51.636   -999.900   -999.900     -2.765      0.000    -52.000    -52.000    -54.497    -51.874   -999.900   -999.900
    -54.000    -56.251    -53.583   -999.900   -999.900     -2.668      0.000    -54.000    -54.000    -56.399    -53.962   -999.900   -999.900
    -56.000    -58.132    -55.382   -999.900   -999.900     -2.750      0.000    -56.000    -56.000    -58.363    -55.970   -999.900   -999.900
    -58.000    -59.808    -57.093   -999.900   -999.900     -2.715      0.000    -58.000    -58.000    -60.152    -57.996   -999.900   -999.900
    -60.000    -61.544    -58.716   -999.900   -999.900     -2.828      0.000    -60.000    -60.000    -62.068    -60.099   -999.900   -999.900
    -62.000    -63.025    -60.160   -999.900   -999.900     -2.865      0.000    -62.000    -62.000    -63.782    -62.238   -999.900   -999.900
    -64.000    -64.725    -61.275   -999.900   -999.900     -3.450      0.000    -64.000    -64.000    -65.897    -64.212   -999.900   -999.900
    -66.000    -66.123    -62.315   -999.900   -999.900     -3.808      0.000    -66.000    -66.000    -67.839    -66.569   -999.900   -999.900
    -68.000    -67.533    -62.982   -999.900   -999.900     -4.551      0.000    -68.000    -68.000    -70.141    -68.640   -999.900   -999.900
    -70.000    -68.594    -63.584   -999.900   -999.900     -5.010      0.000    -70.000    -70.000    -72.325    -71.448   -999.900   -999.900
    -72.000    -69.667    -63.960   -999.900   -999.900     -5.707      0.000    -72.000    -72.000    -75.485    -74.522   -999.900   -999.900
    -74.000    -72.063    -64.644   -999.900   -999.900     -7.419      0.000    -74.000    -74.000    -75.485    -74.522   -999.900   -999.900
    -76.000    -72.045    -64.595   -999.900   -999.900     -7.450      0.000    -76.000    -76.000    -75.485    -74.522   -999.900   -999.900
    -78.000    -72.043    -64.611   -999.900   -999.900     -7.432      0.000    -78.000    -78.000    -75.485    -74.522   -999.900   -999.900
    -80.000    -72.052    -64.627   -999.900   -999.900     -7.425      0.000    -80.000    -80.000    -75.485    -74.522   -999.900   -999.900
    -82.000    -72.065    -64.626   -999.900   -999.900     -7.439      0.000    -82.000    -82.000    -75.485    -74.522   -999.900   -999.900
