    -34.770      5.663      4.965   -999.900   -999.900      0.698      0.000    -34.770    -34.770      5.663      4.965   -999.900   -999.900
    -39.770      1.175      0.378   -999.900   -999.900      0.797      0.000    -39.770    -39.770      1.175      0.378   -999.900   -999.900
    -44.770     -3.528     -4.339   -999.900   -999.900      0.811      0.000    -44.770    -44.770     -3.528     -4.339   -999.900   -999.900
    -49.770     -8.414     -9.263   -999.900   -999.900      0.849      0.000    -49.770    -49.770     -8.414     -9.263   -999.900   -999.900
    -54.770    -13.350    -14.264   -999.900   -999.900      0.914      0.000    -54.770    -54.770    -13.350    -14.264   -999.900   -999.900
    -59.770    -18.194    -19.153   -999.900   -999.900      0.959      0.000    -59.770    -59.770    -18.194    -19.153   -999.900   -999.900
    -64.770    -22.959    -23.905   -999.900   -999.900      0.946      0.000    -64.770    -64.770    -22.960    -23.906   -999.900   -999.900
    -69.770    -27.841    -28.909   -999.900   -999.900      1.068      0.000    -69.770    -69.770    -27.844    -28.912   -999.900   -999.900
    -74.770    -32.820    -34.052   -999.900   -999.900      1.232      0.000    -74.770    -74.770    -32.828    -34.061   -999.900   -999.900
    -80.600    -39.106    -40.652   -999.900   -999.900      1.546      0.000    -80.600    -80.600    -39.142    -40.694   -999.900   -999.900
    -85.600    -43.764    -45.593   -999.900   -999.900      1.829      0.000    -85.600    -85.600    -43.869    -45.726   -999.900   -999.900
    -90.600    -48.400    -50.058   -999.900   -999.900      1.658      0.000    -90.600    -90.600    -48.712    -50.440   -999.900   -999.900
    -95.600    -52.539    -54.070   -999.900   -999.900      1.531      0.000    -95.600    -95.600    -53.399    -55.106   -999.900   -999.900
   -100.600    -56.023    -57.408   -999.900   -999.900      1.385      0.000   -100.600   -100.600    -58.246    -60.064   -999.900   -999.900
   -105.600    -58.322    -59.503   -999.900   -999.900      1.181      0.000   -105.600   -105.600    -63.273    -65.374   -999.900   -999.900
   -110.600    -59.360    -60.483   -999.900   -999.900      1.123      0.000   -110.600   -110.600    -68.018    -71.961   -999.900   -999.900
   -115.600    -59.706    -60.530   -999.900   -999.900      0.824      0.000   -115.600   -115.600    -71.606    -72.674   -999.900   -999.900
   -120.600    -60.109    -60.826   -999.900   -999.900      0.717      0.000   -120.600   -120.600    -71.606    -72.674   -999.900   -999.900
   -125.600    -60.091    -60.929   -999.900   -999.900      0.838      0.000   -125.600   -125.600    -71.606    -72.674   -999.900   -999.900
   -130.600    -60.091    -60.942   -999.900   -999.900      0.851      0.000   -130.600   -130.600    -71.606    -72.674   -999.900   -999.900
