    -34.770    -59.773      4.965   -999.900   -999.900    -64.738      0.000    -34.770    -34.770    -71.530      4.965   -999.900   -999.900
    -39.770    -60.071      0.378   -999.900   -999.900    -60.449      0.000    -39.770    -39.770    -92.274      0.378   -999.900   -999.900
    -44.770    -59.986     -4.339   -999.900   -999.900    -55.647      0.000    -44.770    -44.770    -77.025     -4.339   -999.900   -999.900
    -49.770    -60.032     -9.263   -999.900   -999.900    -50.769      0.000    -49.770    -49.770    -80.305     -9.263   -999.900   -999.900
    -54.770    -60.064    -14.264   -999.900   -999.900    -45.800      0.000    -54.770    -54.770    -86.712    -14.264   -999.900   -999.900
    -59.770    -59.858    -19.153   -999.900   -999.900    -40.705      0.000    -59.770    -59.770    -73.023    -19.154   -999.900   -999.900
    -64.770    -59.824    -23.905   -999.900   -999.900    -35.918      0.000    -64.770    -64.770    -72.359    -23.906   -999.900   -999.900
    -69.770    -59.849    -28.909   -999.900   -999.900    -30.940      0.000    -69.770    -69.770    -72.824    -28.912   -999.900   -999.900
    -74.770    -59.880    -34.052   -999.900   -999.900    -25.828      0.000    -74.770    -74.770    -73.499    -34.061   -999.900   -999.900
    -79.770    -60.030    -40.652   -999.900   -999.900    -19.377      0.000    -79.770    -79.770    -80.033    -40.695   -999.900   -999.900
    -84.770    -60.041    -45.593   -999.900   -999.900    -14.447      0.000    -84.770    -84.770    -81.328    -45.726   -999.900   -999.900
    -89.770    -60.072    -50.058   -999.900   -999.900    -10.014      0.000    -89.770    -89.770    -95.511    -50.440   -999.900   -999.900
    -94.770    -60.095    -54.070   -999.900   -999.900     -6.024      0.000    -94.770    -94.770    -95.511    -55.106   -999.900   -999.900
    -99.770    -60.128    -57.408   -999.900   -999.900     -2.720      0.000    -99.770    -99.770    -95.511    -60.065   -999.900   -999.900
   -104.770    -60.063    -59.503   -999.900   -999.900     -0.561      0.000   -104.770   -104.770    -95.511    -65.372   -999.900   -999.900
   -109.770    -60.021    -60.483   -999.900   -999.900      0.462      0.000   -109.770   -109.770    -95.511    -71.960   -999.900   -999.900
   -114.770    -60.026    -60.530   -999.900   -999.900      0.503      0.000   -114.770   -114.770    -95.511    -72.671   -999.900   -999.900
   -119.770    -60.074    -60.826   -999.900   -999.900      0.752      0.000   -119.770   -119.770    -95.511    -72.671   -999.900   -999.900
   -124.770    -60.093    -60.929   -999.900   -999.900      0.836      0.000   -124.770   -124.770    -95.511    -72.671   -999.900   -999.900
   -129.770    -60.100    -60.942   -999.900   -999.900      0.842      0.000   -129.770   -129.770    -95.511    -72.671   -999.900   -999.900
