    -34.650      5.565      4.931   -999.900   -999.900      0.634      0.000    -34.650    -34.650      5.565      4.931   -999.900   -999.900
    -39.650      1.233      0.313   -999.900   -999.900      0.920      0.000    -39.650    -39.650      1.233      0.313   -999.900   -999.900
    -44.650     -3.408     -4.623   -999.900   -999.900      1.215      0.000    -44.650    -44.650     -3.408     -4.623   -999.900   -999.900
    -49.650     -8.222     -9.612   -999.900   -999.900      1.390      0.000    -49.650    -49.650     -8.222     -9.612   -999.900   -999.900
    -54.650    -13.142    -14.494   -999.900   -999.900      1.352      0.000    -54.650    -54.650    -13.142    -14.494   -999.900   -999.900
    -59.650    -18.043    -19.187   -999.900   -999.900      1.144      0.000    -59.650    -59.650    -18.043    -19.187   -999.900   -999.900
    -64.650    -22.991    -23.942   -999.900   -999.900      0.951      0.000    -64.650    -64.650    -22.992    -23.943   -999.900   -999.900
    -69.650    -27.989    -28.805   -999.900   -999.900      0.816      0.000    -69.650    -69.650    -27.992    -28.808   -999.900   -999.900
    -74.650    -33.005    -33.781   -999.900   -999.900      0.776      0.000    -74.650    -74.650    -33.014    -33.790   -999.900   -999.900
    -80.700    -38.905    -40.269   -999.900   -999.900      1.364      0.000    -80.700    -80.700    -38.938    -40.308   -999.900   -999.900
    -85.700    -43.601    -45.182   -999.900   -999.900      1.581      0.000    -85.700    -85.700    -43.700    -45.304   -999.900   -999.900
    -90.700    -48.351    -50.045   -999.900   -999.900      1.694      0.000    -90.700    -90.700    -48.654    -50.430   -999.900   -999.900
    -95.700    -52.900    -54.090   -999.900   -999.900      1.190      0.000    -95.700    -95.700    -53.827    -55.144   -999.900   -999.900
   -100.700    -56.747    -57.271   -999.900   -999.900      0.524      0.000   -100.700   -100.700    -59.473    -59.854   -999.900   -999.900
   -105.700    -59.131    -59.984   -999.900   -999.900      0.853      0.000   -105.700   -105.700    -66.278    -67.870   -999.900   -999.900
   -110.700    -59.963    -60.489   -999.900   -999.900      0.526      0.000   -110.700   -110.700    -76.450    -72.746   -999.900   -999.900
   -115.700    -59.908    -60.718   -999.900   -999.900      0.810      0.000   -115.700   -115.700    -74.498    -81.402   -999.900   -999.900
   -115.700    -60.005    -60.715   -999.900   -999.900      0.710      0.000   -115.700   -115.700    -78.882    -81.064   -999.900   -999.900
   -120.700    -60.123    -60.803   -999.900   -999.900      0.680      0.000   -120.700   -120.700    -78.882    -81.064   -999.900   -999.900
   -125.700    -60.135    -60.785   -999.900   -999.900      0.650      0.000   -125.700   -125.700    -78.882    -81.064   -999.900   -999.900
   -130.700    -60.142    -60.756   -999.900   -999.900      0.614      0.000   -130.700   -130.700    -78.882    -81.064   -999.900   -999.900
