    -34.650      5.565    -54.302   -999.900   -999.900     59.867      0.000    -34.650    -34.650      5.565    -58.011   -999.900   -999.900
    -39.650      1.233    -57.244   -999.900   -999.900     58.477      0.000    -39.650    -39.650      1.233    -58.011   -999.900   -999.900
    -44.650     -3.408    -57.000   -999.900   -999.900     53.593      0.000    -44.650    -44.650     -3.408    -58.011   -999.900   -999.900
    -49.650     -8.222    -54.272   -999.900   -999.900     46.050      0.000    -49.650    -49.650     -8.222    -58.011   -999.900   -999.900
    -54.650    -13.142    -55.324   -999.900   -999.900     42.182      0.000    -54.650    -54.650    -13.142    -58.011   -999.900   -999.900
    -59.650    -18.043    -55.408   -999.900   -999.900     37.365      0.000    -59.650    -59.650    -18.044    -58.011   -999.900   -999.900
    -64.650    -22.991    -53.225   -999.900   -999.900     30.234      0.000    -64.650    -64.650    -22.992    -58.011   -999.900   -999.900
    -69.650    -27.989    -53.624   -999.900   -999.900     25.635      0.000    -69.650    -69.650    -27.991    -58.011   -999.900   -999.900
    -74.650    -33.005    -54.104   -999.900   -999.900     21.099      0.000    -74.650    -74.650    -33.014    -58.011   -999.900   -999.900
    -80.700    -38.905    -55.112   -999.900   -999.900     16.207      0.000    -80.700    -80.700    -38.938    -58.011   -999.900   -999.900
    -85.700    -43.601    -51.663   -999.900   -999.900      8.062      0.000    -85.700    -85.700    -43.700    -58.011   -999.900   -999.900
    -90.700    -48.351    -52.857   -999.900   -999.900      4.506      0.000    -90.700    -90.700    -48.655    -58.011   -999.900   -999.900
    -95.700    -52.900    -53.812   -999.900   -999.900      0.912      0.000    -95.700    -95.700    -53.831    -58.011   -999.900   -999.900
   -100.700    -56.747    -51.998   -999.900   -999.900     -4.750      0.000   -100.700   -100.700    -59.488    -58.011   -999.900   -999.900
   -105.700    -59.131    -52.989   -999.900   -999.900     -6.142      0.000   -105.700   -105.700    -66.348    -58.011   -999.900   -999.900
   -110.700    -59.963    -52.710   -999.900   -999.900     -7.253      0.000   -110.700   -110.700    -77.255    -58.011   -999.900   -999.900
   -115.700    -59.908    -55.179   -999.900   -999.900     -4.730      0.000   -115.700   -115.700    -74.996    -58.011   -999.900   -999.900
   -115.700    -60.005    -57.180   -999.900   -999.900     -2.825      0.000   -115.700   -115.700    -80.327    -58.011   -999.900   -999.900
   -120.700    -60.123    -60.826   -999.900   -999.900      0.704      0.000   -120.700   -120.700    -80.327    -58.011   -999.900   -999.900
   -125.700    -60.135    -60.808   -999.900   -999.900      0.672      0.000   -125.700   -125.700    -80.327    -58.011   -999.900   -999.900
   -130.700    -60.142    -60.782   -999.900   -999.900      0.640      0.000   -130.700   -130.700    -80.327    -58.011   -999.900   -999.900
