    -34.650    -58.884      4.897   -999.900   -999.900    -63.781      0.000    -34.650    -34.650    -65.600      4.897   -999.900   -999.900
    -39.650    -59.162      0.208   -999.900   -999.900    -59.370      0.000    -39.650    -39.650    -67.095      0.208   -999.900   -999.900
    -44.650    -58.812     -4.731   -999.900   -999.900    -54.081      0.000    -44.650    -44.650    -65.273     -4.731   -999.900   -999.900
    -49.650    -59.110     -9.710   -999.900   -999.900    -49.400      0.000    -49.650    -49.650    -66.780     -9.710   -999.900   -999.900
    -54.650    -58.643    -14.603   -999.900   -999.900    -44.040      0.000    -54.650    -54.650    -64.570    -14.604   -999.900   -999.900
    -59.650    -58.865    -19.335   -999.900   -999.900    -39.529      0.000    -59.650    -59.650    -65.510    -19.336   -999.900   -999.900
    -64.650    -59.189    -24.058   -999.900   -999.900    -35.131      0.000    -64.650    -64.650    -67.267    -24.060   -999.900   -999.900
    -69.650    -58.581    -29.094   -999.900   -999.900    -29.487      0.000    -69.650    -69.650    -64.331    -29.098   -999.900   -999.900
    -74.650    -59.073    -34.256   -999.900   -999.900    -24.818      0.000    -74.650    -74.650    -66.571    -34.267   -999.900   -999.900
    -79.650    -58.909    -39.626   -999.900   -999.900    -19.282      0.000    -79.650    -79.650    -65.717    -39.664   -999.900   -999.900
    -84.650    -59.229    -44.562   -999.900   -999.900    -14.668      0.000    -84.650    -84.650    -67.531    -44.682   -999.900   -999.900
    -89.650    -59.369    -49.432   -999.900   -999.900     -9.937      0.000    -89.650    -89.650    -68.574    -49.813   -999.900   -999.900
    -94.650    -59.433    -53.040   -999.900   -999.900     -6.393      0.000    -94.650    -94.650    -69.144    -53.970   -999.900   -999.900
    -99.650    -59.550    -56.155   -999.900   -999.900     -3.396      0.000    -99.650    -99.650    -70.385    -58.338   -999.900   -999.900
   -104.650    -59.819    -58.435   -999.900   -999.900     -1.384      0.000   -104.650   -104.650    -76.022    -63.224   -999.900   -999.900
   -109.650    -59.525    -59.217   -999.900   -999.900     -0.308      0.000   -109.650   -109.650    -70.092    -66.202   -999.900   -999.900
   -114.650    -59.780    -59.876   -999.900   -999.900      0.095      0.000   -114.650   -114.650    -74.642    -71.468   -999.900   -999.900
   -119.650    -59.831    -59.889   -999.900   -999.900      0.058      0.000   -119.650   -119.650    -76.556    -71.661   -999.900   -999.900
   -124.650    -59.829    -59.891   -999.900   -999.900      0.062      0.000   -124.650   -124.650    -76.480    -71.702   -999.900   -999.900
   -129.650    -60.093    -60.679   -999.900   -999.900      0.586      0.000   -129.650   -129.650    -76.480    -71.702   -999.900   -999.900
   -134.650    -60.099    -60.690   -999.900   -999.900      0.591      0.000   -134.650   -134.650    -76.480    -71.702   -999.900   -999.900
