    -34.650    -58.805      4.702   -999.900   -999.900    -63.507      0.000    -34.650    -34.650    -65.170      4.702   -999.900   -999.900
    -39.650    -59.472      0.210   -999.900   -999.900    -59.682      0.000    -39.650    -39.650    -69.332      0.210   -999.900   -999.900
    -44.650    -59.551     -4.470   -999.900   -999.900    -55.081      0.000    -44.650    -44.650    -70.165     -4.470   -999.900   -999.900
    -49.650    -59.253     -9.256   -999.900   -999.900    -49.997      0.000    -49.650    -49.650    -67.569     -9.256   -999.900   -999.900
    -54.650    -59.436    -14.192   -999.900   -999.900    -45.244      0.000    -54.650    -54.650    -68.995    -14.192   -999.900   -999.900
    -59.650    -59.419    -19.144   -999.900   -999.900    -40.275      0.000    -59.650    -59.650    -68.844    -19.144   -999.900   -999.900
    -64.650    -59.109    -24.160   -999.900   -999.900    -34.949      0.000    -64.650    -64.650    -66.674    -24.161   -999.900   -999.900
    -69.650    -59.242    -29.310   -999.900   -999.900    -29.932      0.000    -69.650    -69.650    -67.495    -29.313   -999.900   -999.900
    -74.650    -59.654    -34.505   -999.900   -999.900    -25.149      0.000    -74.650    -74.650    -71.532    -34.515   -999.900   -999.900
    -79.900    -59.318    -40.163   -999.900   -999.900    -19.155      0.000    -79.900    -79.900    -68.030    -40.201   -999.900   -999.900
    -84.900    -59.488    -44.982   -999.900   -999.900    -14.506      0.000    -84.900    -84.900    -69.490    -45.099   -999.900   -999.900
    -89.900    -59.623    -49.368   -999.900   -999.900    -10.255      0.000    -89.900    -89.900    -71.077    -49.699   -999.900   -999.900
    -94.900    -59.695    -53.358   -999.900   -999.900     -6.337      0.000    -94.900    -94.900    -72.211    -54.239   -999.900   -999.900
    -99.900    -59.882    -56.735   -999.900   -999.900     -3.147      0.000    -99.900    -99.900    -78.271    -58.951   -999.900   -999.900
   -104.900    -59.763    -58.822   -999.900   -999.900     -0.941      0.000   -104.900   -104.900    -73.622    -63.335   -999.900   -999.900
   -109.900    -59.767    -59.902   -999.900   -999.900      0.135      0.000   -109.900   -109.900    -73.720    -67.563   -999.900   -999.900
   -114.900    -59.761    -60.380   -999.900   -999.900      0.619      0.000   -114.900   -114.900    -73.573    -71.633   -999.900   -999.900
   -114.900    -59.938    -60.733   -999.900   -999.900      0.795      0.000   -114.900   -114.900    -87.628    -71.633   -999.900   -999.900
   -114.900    -59.946    -60.749   -999.900   -999.900      0.803      0.000   -114.900   -114.900    -87.628    -71.633   -999.900   -999.900
   -114.900    -59.952    -60.752   -999.900   -999.900      0.800      0.000   -114.900   -114.900    -87.628    -71.633   -999.900   -999.900
   -114.900    -59.956    -60.755   -999.900   -999.900      0.799      0.000   -114.900   -114.900    -87.628    -71.633   -999.900   -999.900
   -114.900    -59.959    -60.773   -999.900   -999.900      0.814      0.000   -114.900   -114.900    -87.628    -71.633   -999.900   -999.900
   -130.400    -60.113    -60.904   -999.900   -999.900      0.791      0.000   -130.400   -130.400    -87.628    -71.633   -999.900   -999.900
