    -34.650    -60.015      4.691   -999.900   -999.900    -64.706      0.000    -34.650    -34.650      0.000      4.691   -999.900   -999.900
    -39.650    -59.567      0.371   -999.900   -999.900    -59.938      0.000    -39.650    -39.650      0.000      0.371   -999.900   -999.900
    -44.650    -59.116     -4.421   -999.900   -999.900    -54.695      0.000    -44.650    -44.650      0.000     -4.421   -999.900   -999.900
    -49.650    -59.117     -9.384   -999.900   -999.900    -49.732      0.000    -49.650    -49.650      0.000     -9.384   -999.900   -999.900
    -54.650    -57.869    -14.316   -999.900   -999.900    -43.552      0.000    -54.650    -54.650      0.000    -14.316   -999.900   -999.900
    -59.650    -59.280    -19.283   -999.900   -999.900    -39.997      0.000    -59.650    -59.650      0.000    -19.283   -999.900   -999.900
    -64.650    -58.878    -24.277   -999.900   -999.900    -34.601      0.000    -64.650    -64.650      0.000    -24.278   -999.900   -999.900
    -69.650    -59.165    -29.356   -999.900   -999.900    -29.810      0.000    -69.650    -69.650      0.000    -29.359   -999.900   -999.900
    -74.650    -59.219    -34.414   -999.900   -999.900    -24.804      0.000    -74.650    -74.650      0.000    -34.425   -999.900   -999.900
    -80.400    -59.870    -40.645   -999.900   -999.900    -19.225      0.000    -80.400    -80.400      0.000    -40.690   -999.900   -999.900
    -85.400    -59.465    -45.346   -999.900   -999.900    -14.119      0.000    -85.400    -85.400      0.000    -45.480   -999.900   -999.900
    -90.400    -59.247    -49.675   -999.900   -999.900     -9.573      0.000    -90.400    -90.400      0.000    -50.048   -999.900   -999.900
    -95.400    -58.866    -53.583   -999.900   -999.900     -5.283      0.000    -95.400    -95.400      0.000    -54.565   -999.900   -999.900
   -100.400    -59.184    -56.923   -999.900   -999.900     -2.260      0.000   -100.400   -100.400      0.000    -59.415   -999.900   -999.900
   -105.400    -58.705    -58.948   -999.900   -999.900      0.243      0.000   -105.400   -105.400      0.000    -64.120   -999.900   -999.900
   -110.400    -59.114    -59.851   -999.900   -999.900      0.737      0.000   -110.400   -110.400      0.000    -68.292   -999.900   -999.900
   -115.400    -59.075    -60.413   -999.900   -999.900      1.338      0.000   -115.400   -115.400      0.000    -76.478   -999.900   -999.900
   -115.400    -59.291    -60.529   -999.900   -999.900      1.239      0.000   -115.400   -115.400      0.000    -76.478   -999.900   -999.900
   -120.400    -59.277    -60.609   -999.900   -999.900      1.332      0.000   -120.400   -120.400      0.000    -76.478   -999.900   -999.900
   -125.400    -60.141    -60.916   -999.900   -999.900      0.775      0.000   -125.400   -125.400      0.000    -76.478   -999.900   -999.900
   -130.400    -60.113    -60.904   -999.900   -999.900      0.792      0.000   -130.400   -130.400      0.000    -76.478   -999.900   -999.900
