    -34.650    -55.977      4.874   -999.900   -999.900    -60.851      0.000    -34.650    -34.650    -58.463      4.874   -999.900   -999.900
    -39.650    -56.949      0.392   -999.900   -999.900    -57.340      0.000    -39.650    -39.650    -60.368      0.392   -999.900   -999.900
    -44.650    -57.089     -4.503   -999.900   -999.900    -52.586      0.000    -44.650    -44.650    -60.683     -4.503   -999.900   -999.900
    -49.650    -57.301     -9.490   -999.900   -999.900    -47.811      0.000    -49.650    -49.650    -61.183     -9.490   -999.900   -999.900
    -54.650    -57.685    -14.489   -999.900   -999.900    -43.197      0.000    -54.650    -54.650    -62.191    -14.489   -999.900   -999.900
    -59.650    -57.237    -19.454   -999.900   -999.900    -37.782      0.000    -59.650    -59.650    -61.028    -19.455   -999.900   -999.900
    -64.650    -57.728    -24.310   -999.900   -999.900    -33.418      0.000    -64.650    -64.650    -62.313    -24.311   -999.900   -999.900
    -69.650    -57.679    -29.184   -999.900   -999.900    -28.495      0.000    -69.650    -69.650    -62.175    -29.187   -999.900   -999.900
    -74.650    -57.457    -34.189   -999.900   -999.900    -23.268      0.000    -74.650    -74.650    -61.575    -34.199   -999.900   -999.900
    -79.650    -58.970    -33.856   -999.900   -999.900    -25.114      0.000    -79.650    -79.650    -67.763    -33.866   -999.900   -999.900
    -84.650    -59.083    -39.044   -999.900   -999.900    -20.039      0.000    -84.650    -84.650    -68.704    -39.076   -999.900   -999.900
    -89.650    -59.205    -43.799   -999.900   -999.900    -15.406      0.000    -89.650    -89.650    -69.969    -43.896   -999.900   -999.900
    -94.650    -59.188    -48.014   -999.900   -999.900    -11.174      0.000    -94.650    -94.650    -69.771    -48.276   -999.900   -999.900
    -99.650    -59.495    -52.044   -999.900   -999.900     -7.450      0.000    -99.650    -99.650    -76.357    -52.740   -999.900   -999.900
   -104.650    -59.543    -55.466   -999.900   -999.900     -4.077      0.000   -104.650   -104.650    -79.652    -57.174   -999.900   -999.900
   -109.650    -59.590    -58.203   -999.900   -999.900     -1.388      0.000   -109.650   -109.650    -79.652    -62.300   -999.900   -999.900
   -114.650    -59.439    -59.915   -999.900   -999.900      0.476      0.000   -114.650   -114.650    -79.652    -70.183   -999.900   -999.900
   -119.650    -59.198    -59.761   -999.900   -999.900      0.562      0.000   -119.650   -119.650    -79.652    -68.766   -999.900   -999.900
   -124.650    -59.494    -60.341   -999.900   -999.900      0.848      0.000   -124.650   -124.650    -79.652    -92.218   -999.900   -999.900
   -129.650    -59.917    -60.913   -999.900   -999.900      0.996      0.000   -129.650   -129.650    -79.652    -92.218   -999.900   -999.900
   -134.650    -59.923    -60.926   -999.900   -999.900      1.003      0.000   -134.650   -134.650    -79.652    -92.218   -999.900   -999.900
