    -34.650    -56.820      4.913   -999.900   -999.900    -61.733      0.000    -34.650    -34.650    -60.690      4.913   -999.900   -999.900
    -39.650    -57.885      0.508   -999.900   -999.900    -58.393      0.000    -39.650    -39.650    -63.968      0.508   -999.900   -999.900
    -44.650    -58.631     -4.282   -999.900   -999.900    -54.349      0.000    -44.650    -44.650    -68.409     -4.282   -999.900   -999.900
    -49.650    -59.166     -9.257   -999.900   -999.900    -49.909      0.000    -49.650    -49.650    -68.409     -9.257   -999.900   -999.900
    -54.650    -59.599    -14.209   -999.900   -999.900    -45.391      0.000    -54.650    -54.650    -68.409    -14.209   -999.900   -999.900
    -59.650    -59.548    -19.181   -999.900   -999.900    -40.367      0.000    -59.650    -59.650    -68.409    -19.181   -999.900   -999.900
    -64.650    -59.710    -24.187   -999.900   -999.900    -35.524      0.000    -64.650    -64.650    -68.409    -24.188   -999.900   -999.900
    -69.650    -59.859    -29.076   -999.900   -999.900    -30.783      0.000    -69.650    -69.650    -68.409    -29.080   -999.900   -999.900
    -74.650    -59.589    -33.951   -999.900   -999.900    -25.638      0.000    -74.650    -74.650    -68.409    -33.962   -999.900   -999.900
    -80.700    -57.933    -39.300   -999.900   -999.900    -18.634      0.000    -80.700    -80.700    -68.409    -39.337   -999.900   -999.900
    -85.700    -58.195    -44.067   -999.900   -999.900    -14.127      0.000    -85.700    -85.700    -68.409    -44.182   -999.900   -999.900
    -90.700    -58.269    -48.499   -999.900   -999.900     -9.770      0.000    -90.700    -90.700    -68.409    -48.824   -999.900   -999.900
    -95.700    -58.589    -52.243   -999.900   -999.900     -6.346      0.000    -95.700    -95.700    -68.409    -53.057   -999.900   -999.900
   -100.700    -58.508    -55.707   -999.900   -999.900     -2.802      0.000   -100.700   -100.700    -68.409    -57.779   -999.900   -999.900
   -105.700    -58.591    -57.550   -999.900   -999.900     -1.041      0.000   -105.700   -105.700    -68.409    -61.318   -999.900   -999.900
   -110.700    -58.523    -59.061   -999.900   -999.900      0.538      0.000   -110.700   -110.700    -68.409    -66.543   -999.900   -999.900
   -115.700    -57.994    -59.641   -999.900   -999.900      1.647      0.000   -115.700   -115.700    -68.409    -71.781   -999.900   -999.900
   -115.700    -58.484    -59.853   -999.900   -999.900      1.369      0.000   -115.700   -115.700    -68.409    -78.350   -999.900   -999.900
   -120.700    -60.068    -60.391   -999.900   -999.900      0.323      0.000   -120.700   -120.700    -68.409    -78.350   -999.900   -999.900
   -125.700    -60.073    -60.369   -999.900   -999.900      0.296      0.000   -125.700   -125.700    -68.409    -78.350   -999.900   -999.900
   -130.700    -60.084    -60.342   -999.900   -999.900      0.258      0.000   -130.700   -130.700    -68.409    -78.350   -999.900   -999.900
