    -34.650    -58.990      4.858   -999.900   -999.900    -63.847      0.000    -34.650    -34.650    -72.386      4.858   -999.900   -999.900
    -39.650    -59.486      0.161   -999.900   -999.900    -59.647      0.000    -39.650    -39.650    -72.386      0.161   -999.900   -999.900
    -44.650    -59.520     -4.774   -999.900   -999.900    -54.746      0.000    -44.650    -44.650    -72.386     -4.774   -999.900   -999.900
    -49.650    -59.362     -9.591   -999.900   -999.900    -49.772      0.000    -49.650    -49.650    -72.386     -9.591   -999.900   -999.900
    -54.650    -59.301    -14.334   -999.900   -999.900    -44.968      0.000    -54.650    -54.650    -72.386    -14.334   -999.900   -999.900
    -59.650    -59.447    -19.065   -999.900   -999.900    -40.382      0.000    -59.650    -59.650    -72.386    -19.065   -999.900   -999.900
    -64.650    -59.320    -24.021   -999.900   -999.900    -35.299      0.000    -64.650    -64.650    -72.386    -24.022   -999.900   -999.900
    -69.650    -59.473    -29.135   -999.900   -999.900    -30.338      0.000    -69.650    -69.650    -72.386    -29.138   -999.900   -999.900
    -74.650    -57.075    -37.054   -999.900   -999.900    -20.021      0.000    -74.650    -74.650    -72.386    -37.072   -999.900   -999.900
    -79.650    -57.963    -42.229   -999.900   -999.900    -15.734      0.000    -79.650    -79.650    -72.386    -42.290   -999.900   -999.900
    -84.650    -58.037    -47.164   -999.900   -999.900    -10.873      0.000    -84.650    -84.650    -72.386    -47.356   -999.900   -999.900
    -89.650    -58.550    -51.700   -999.900   -999.900     -6.851      0.000    -89.650    -89.650    -72.386    -52.270   -999.900   -999.900
    -94.650    -58.346    -55.766   -999.900   -999.900     -2.580      0.000    -94.650    -94.650    -72.386    -57.401   -999.900   -999.900
    -99.650    -58.707    -58.973   -999.900   -999.900      0.266      0.000    -99.650    -99.650    -72.386    -63.618   -999.900   -999.900
   -104.650    -58.636    -60.027   -999.900   -999.900      1.391      0.000   -104.650   -104.650    -72.386    -67.911   -999.900   -999.900
   -109.650    -58.478    -60.616   -999.900   -999.900      2.137      0.000   -109.650   -109.650    -72.386    -74.450   -999.900   -999.900
   -114.650    -57.945    -60.646   -999.900   -999.900      2.701      0.000   -114.650   -114.650    -72.386    -75.253   -999.900   -999.900
   -119.650    -58.507    -60.692   -999.900   -999.900      2.185      0.000   -119.650   -119.650    -72.386    -76.833   -999.900   -999.900
   -124.650    -59.981    -60.869   -999.900   -999.900      0.888      0.000   -124.650   -124.650    -72.386    -76.833   -999.900   -999.900
   -129.650    -59.992    -60.896   -999.900   -999.900      0.904      0.000   -129.650   -129.650    -72.386    -76.833   -999.900   -999.900
   -134.650    -60.003    -60.899   -999.900   -999.900      0.896      0.000   -134.650   -134.650    -72.386    -76.833   -999.900   -999.900
