    -34.650    -55.809      4.931   -999.900   -999.900    -60.740      0.000    -34.650    -34.650    -58.035      4.931   -999.900   -999.900
    -39.650    -55.872      0.313   -999.900   -999.900    -56.186      0.000    -39.650    -39.650    -58.142      0.313   -999.900   -999.900
    -44.650    -56.165     -4.623   -999.900   -999.900    -51.542      0.000    -44.650    -44.650    -58.648     -4.623   -999.900   -999.900
    -49.650    -56.907     -9.612   -999.900   -999.900    -47.295      0.000    -49.650    -49.650    -60.064     -9.612   -999.900   -999.900
    -54.650    -57.652    -14.494   -999.900   -999.900    -43.157      0.000    -54.650    -54.650    -61.777    -14.495   -999.900   -999.900
    -59.650    -56.842    -19.187   -999.900   -999.900    -37.655      0.000    -59.650    -59.650    -59.931    -19.187   -999.900   -999.900
    -64.650    -57.219    -23.942   -999.900   -999.900    -33.277      0.000    -64.650    -64.650    -60.735    -23.943   -999.900   -999.900
    -69.650    -57.057    -28.805   -999.900   -999.900    -28.252      0.000    -69.650    -69.650    -60.380    -28.808   -999.900   -999.900
    -74.650    -56.785    -33.781   -999.900   -999.900    -23.004      0.000    -74.650    -74.650    -59.815    -33.789   -999.900   -999.900
    -80.700    -59.852    -40.269   -999.900   -999.900    -19.583      0.000    -80.700    -80.700    -59.815    -40.308   -999.900   -999.900
    -85.700    -59.645    -45.182   -999.900   -999.900    -14.463      0.000    -85.700    -85.700    -59.815    -45.305   -999.900   -999.900
    -90.700    -59.319    -50.045   -999.900   -999.900     -9.275      0.000    -90.700    -90.700    -59.815    -50.434   -999.900   -999.900
    -95.700    -59.336    -54.090   -999.900   -999.900     -5.246      0.000    -95.700    -95.700    -59.815    -55.156   -999.900   -999.900
   -100.700    -59.370    -57.271   -999.900   -999.900     -2.099      0.000   -100.700   -100.700    -59.815    -59.891   -999.900   -999.900
   -105.700    -59.429    -59.984   -999.900   -999.900      0.555      0.000   -105.700   -105.700    -59.815    -68.114   -999.900   -999.900
   -110.700    -59.345    -60.489   -999.900   -999.900      1.144      0.000   -110.700   -110.700    -59.815    -73.533   -999.900   -999.900
   -115.700    -59.422    -60.718   -999.900   -999.900      1.297      0.000   -115.700   -115.700    -59.815    -73.533   -999.900   -999.900
   -115.700    -59.589    -60.715   -999.900   -999.900      1.127      0.000   -115.700   -115.700    -59.815    -73.533   -999.900   -999.900
   -120.700    -60.121    -60.803   -999.900   -999.900      0.681      0.000   -120.700   -120.700    -59.815    -73.533   -999.900   -999.900
   -125.700    -60.128    -60.785   -999.900   -999.900      0.657      0.000   -125.700   -125.700    -59.815    -73.533   -999.900   -999.900
   -130.700    -60.134    -60.756   -999.900   -999.900      0.622      0.000   -130.700   -130.700    -59.815    -73.533   -999.900   -999.900
