    -35.150      5.056      6.043   -999.900   -999.900     -0.987      0.000    -35.150    -35.150      5.056      6.043   -999.900   -999.900
    -40.150      0.556      2.172   -999.900   -999.900     -1.616      0.000    -40.150    -40.150      0.556      2.172   -999.900   -999.900
    -45.150     -4.338     -2.376   -999.900   -999.900     -1.962      0.000    -45.150    -45.150     -4.338     -2.376   -999.900   -999.900
    -50.150     -9.300     -7.061   -999.900   -999.900     -2.239      0.000    -50.150    -50.150     -9.300     -7.061   -999.900   -999.900
    -55.150    -14.014    -12.127   -999.900   -999.900     -1.887      0.000    -55.150    -55.150    -14.014    -12.127   -999.900   -999.900
    -60.150    -18.738    -17.464   -999.900   -999.900     -1.274      0.000    -60.150    -60.150    -18.738    -17.464   -999.900   -999.900
    -65.150    -23.641    -22.987   -999.900   -999.900     -0.654      0.000    -65.150    -65.150    -23.642    -22.988   -999.900   -999.900
    -70.150    -28.559    -28.378   -999.900   -999.900     -0.181      0.000    -70.150    -70.150    -28.562    -28.381   -999.900   -999.900
    -75.150    -33.714    -33.818   -999.900   -999.900      0.104      0.000    -75.150    -75.150    -33.724    -33.827   -999.900   -999.900
    -80.930    -39.922    -39.404   -999.900   -999.900     -0.518      0.000    -80.930    -80.930    -39.964    -39.437   -999.900   -999.900
    -85.930    -44.560    -44.766   -999.900   -999.900      0.206      0.000    -85.930    -85.930    -44.682    -44.881   -999.900   -999.900
    -90.930    -49.158    -49.490   -999.900   -999.900      0.332      0.000    -90.930    -90.930    -49.519    -49.840   -999.900   -999.900
    -95.930    -53.334    -53.779   -999.900   -999.900      0.445      0.000    -95.930    -95.930    -54.351    -54.792   -999.900   -999.900
   -100.930    -56.772    -57.308   -999.900   -999.900      0.536      0.000   -100.930   -100.930    -59.453    -60.055   -999.900   -999.900
   -105.930    -58.799    -59.464   -999.900   -999.900      0.665      0.000   -105.930   -105.930    -64.559    -65.849   -999.900   -999.900
   -110.930    -59.670    -60.456   -999.900   -999.900      0.786      0.000   -110.930   -110.930    -69.570    -75.367   -999.900   -999.900
   -115.930    -60.028    -60.585   -999.900   -999.900      0.557      0.000   -115.930   -115.930    -76.014    -85.672   -999.900   -999.900
   -115.930    -60.054    -60.559   -999.900   -999.900      0.505      0.000   -115.930   -115.930    -77.189    -80.993   -999.900   -999.900
   -120.930    -60.189    -60.651   -999.900   -999.900      0.462      0.000   -120.930   -120.930    -77.189    -80.993   -999.900   -999.900
   -125.930    -60.206    -60.617   -999.900   -999.900      0.411      0.000   -125.930   -125.930    -77.189    -80.993   -999.900   -999.900
   -130.930    -60.221    -60.581   -999.900   -999.900      0.360      0.000   -130.930   -130.930    -77.189    -80.993   -999.900   -999.900
