    -27.060      8.189      6.415   -999.900   -999.900      1.774      0.000    -27.060    -27.060      8.189      6.415   -999.900   -999.900
    -29.060      6.969      5.072   -999.900   -999.900      1.897      0.000    -29.060    -29.060      6.969      5.072   -999.900   -999.900
    -31.060      5.276      3.280   -999.900   -999.900      1.996      0.000    -31.060    -31.060      5.276      3.280   -999.900   -999.900
    -33.060      3.447      1.395   -999.900   -999.900      2.052      0.000    -33.060    -33.060      3.447      1.395   -999.900   -999.900
    -35.060      1.539     -0.527   -999.900   -999.900      2.066      0.000    -35.060    -35.060      1.539     -0.527   -999.900   -999.900
    -38.060     -1.388     -3.456   -999.900   -999.900      2.068      0.000    -38.060    -38.060     -1.388     -3.456   -999.900   -999.900
    -43.060     -6.298     -8.408   -999.900   -999.900      2.110      0.000    -43.060    -43.060     -6.298     -8.408   -999.900   -999.900
    -48.060    -11.269    -13.375   -999.900   -999.900      2.106      0.000    -48.060    -48.060    -11.269    -13.375   -999.900   -999.900
    -53.060    -16.239    -18.355   -999.900   -999.900      2.116      0.000    -53.060    -53.060    -16.239    -18.355   -999.900   -999.900
    -58.060    -21.189    -23.400   -999.900   -999.900      2.211      0.000    -58.060    -58.060    -21.189    -23.400   -999.900   -999.900
    -63.060    -26.184    -28.393   -999.900   -999.900      2.209      0.000    -63.060    -63.060    -26.185    -28.394   -999.900   -999.900
    -68.060    -31.285    -33.417   -999.900   -999.900      2.132      0.000    -68.060    -68.060    -31.287    -33.419   -999.900   -999.900
    -73.060    -36.190    -38.437   -999.900   -999.900      2.247      0.000    -73.060    -73.060    -36.196    -38.444   -999.900   -999.900
    -78.060    -41.129    -43.355   -999.900   -999.900      2.226      0.000    -78.060    -78.060    -41.147    -43.376   -999.900   -999.900
    -83.060    -46.134    -48.281   -999.900   -999.900      2.147      0.000    -83.060    -83.060    -46.192    -48.347   -999.900   -999.900
    -88.060    -51.023    -53.111   -999.900   -999.900      2.088      0.000    -88.060    -88.060    -51.205    -53.315   -999.900   -999.900
    -93.060    -55.518    -57.669   -999.900   -999.900      2.151      0.000    -93.060    -93.060    -56.051    -58.278   -999.900   -999.900
    -97.060    -58.872    -60.922   -999.900   -999.900      2.050      0.000    -97.060    -97.060    -60.121    -62.329   -999.900   -999.900
   -101.060    -61.585    -63.394   -999.900   -999.900      1.809      0.000   -101.060   -101.060    -64.317    -66.308   -999.900   -999.900
   -103.060    -62.554    -64.268   -999.900   -999.900      1.714      0.000   -103.060   -103.060    -66.360    -68.223   -999.900   -999.900
   -105.060    -63.250    -65.075   -999.900   -999.900      1.825      0.000   -105.060   -105.060    -68.269    -70.601   -999.900   -999.900
   -107.060    -63.880    -65.513   -999.900   -999.900      1.633      0.000   -107.060   -107.060    -70.701    -72.421   -999.900   -999.900
   -110.060    -64.342    -65.967   -999.900   -999.900      1.625      0.000   -110.060   -110.060    -73.586    -75.321   -999.900   -999.900
   -113.060    -64.714    -66.217   -999.900   -999.900      1.503      0.000   -113.060   -113.060    -78.670    -78.178   -999.900   -999.900
   -118.060    -64.840    -66.420   -999.900   -999.900      1.580      0.000   -118.060   -118.060    -84.060    -83.663   -999.900   -999.900
   -123.060    -64.856    -66.468   -999.900   -999.900      1.612      0.000   -123.060   -123.060    -85.655    -87.457   -999.900   -999.900
   -128.060    -64.871    -66.498   -999.900   -999.900      1.627      0.000   -128.060   -128.060    -87.979    -96.139   -999.900   -999.900
   -133.060    -64.881    -66.476   -999.900   -999.900      1.595      0.000   -133.060   -133.060    -90.740    -88.599   -999.900   -999.900
   -138.060    -64.895    -66.467   -999.900   -999.900      1.572      0.000   -138.060   -138.060    -90.740    -87.334   -999.900   -999.900
   -143.060    -64.889    -66.491   -999.900   -999.900      1.602      0.000   -143.060   -143.060    -90.740    -92.186   -999.900   -999.900
   -148.060    -64.918    -66.543   -999.900   -999.900      1.625      0.000   -148.060   -148.060    -90.740    -92.186   -999.900   -999.900
   -148.060    -64.913    -66.544   -999.900   -999.900      1.631      0.000   -148.060   -148.060    -90.740    -92.186   -999.900   -999.900
   -153.060    -64.916    -66.543   -999.900   -999.900      1.627      0.000   -153.060   -153.060    -90.740    -92.186   -999.900   -999.900
   -158.060    -64.917    -66.542   -999.900   -999.900      1.625      0.000   -158.060   -158.060    -90.740    -92.186   -999.900   -999.900
   -163.060    -64.920    -66.540   -999.900   -999.900      1.620      0.000   -163.060   -163.060    -90.740    -92.186   -999.900   -999.900
