    -34.770      5.151      3.438   -999.900   -999.900      1.713      0.000    -34.770    -34.770      5.151      3.438   -999.900   -999.900
    -39.770      0.720     -1.237   -999.900   -999.900      1.957      0.000    -39.770    -39.770      0.720     -1.237   -999.900   -999.900
    -44.770     -4.104     -6.120   -999.900   -999.900      2.016      0.000    -44.770    -44.770     -4.104     -6.120   -999.900   -999.900
    -49.770     -9.028    -11.084   -999.900   -999.900      2.056      0.000    -49.770    -49.770     -9.028    -11.084   -999.900   -999.900
    -54.770    -13.933    -16.029   -999.900   -999.900      2.096      0.000    -54.770    -54.770    -13.933    -16.029   -999.900   -999.900
    -59.770    -18.815    -20.965   -999.900   -999.900      2.150      0.000    -59.770    -59.770    -18.815    -20.965   -999.900   -999.900
    -64.770    -24.250    -26.637   -999.900   -999.900      2.387      0.000    -64.770    -64.770    -24.251    -26.638   -999.900   -999.900
    -69.770    -29.171    -31.791   -999.900   -999.900      2.620      0.000    -69.770    -69.770    -29.174    -31.795   -999.900   -999.900
    -74.770    -34.159    -36.949   -999.900   -999.900      2.790      0.000    -74.770    -74.770    -34.169    -36.961   -999.900   -999.900
    -79.770    -38.978    -41.894   -999.900   -999.900      2.916      0.000    -79.770    -79.770    -39.008    -41.933   -999.900   -999.900
    -84.770    -43.607    -46.655   -999.900   -999.900      3.048      0.000    -84.770    -84.770    -43.695    -46.772   -999.900   -999.900
    -89.770    -48.217    -51.303   -999.900   -999.900      3.086      0.000    -89.770    -89.770    -48.476    -51.654   -999.900   -999.900
    -94.770    -52.564    -55.753   -999.900   -999.900      3.189      0.000    -94.770    -94.770    -53.309    -56.812   -999.900   -999.900
    -99.770    -56.268    -59.383   -999.900   -999.900      3.115      0.000    -99.770    -99.770    -58.274    -62.385   -999.900   -999.900
   -104.770    -58.761    -61.489   -999.900   -999.900      2.728      0.000   -104.770   -104.770    -63.406    -68.712   -999.900   -999.900
   -109.770    -60.049    -62.237   -999.900   -999.900      2.188      0.000   -109.770   -109.770    -69.390    -76.531   -999.900   -999.900
   -114.770    -60.456    -62.219   -999.900   -999.900      1.763      0.000   -114.770   -114.770    -75.748    -76.072   -999.900   -999.900
   -119.770    -60.521    -62.417   -999.900   -999.900      1.896      0.000   -119.770   -119.770    -78.779    -76.072   -999.900   -999.900
   -124.770    -60.523    -62.387   -999.900   -999.900      1.864      0.000   -124.770   -124.770    -78.915    -76.072   -999.900   -999.900
   -129.770    -60.718    -62.401   -999.900   -999.900      1.683      0.000   -129.770   -129.770    -78.915    -76.072   -999.900   -999.900
