    -56.710      4.989      5.009   -999.900   -999.900     -0.020      0.000    -56.710    -56.710      4.989      5.009   -999.900   -999.900
    -61.710      0.397      0.384   -999.900   -999.900      0.013      0.000    -61.710    -61.710      0.397      0.384   -999.900   -999.900
    -66.710     -4.444     -4.503   -999.900   -999.900      0.059      0.000    -66.710    -66.710     -4.444     -4.503   -999.900   -999.900
    -71.710     -9.202     -9.484   -999.900   -999.900      0.282      0.000    -71.710    -71.710     -9.202     -9.484   -999.900   -999.900
    -76.710    -14.080    -14.371   -999.900   -999.900      0.291      0.000    -76.710    -76.710    -14.080    -14.371   -999.900   -999.900
    -81.710    -18.984    -19.125   -999.900   -999.900      0.141      0.000    -81.710    -81.710    -18.985    -19.125   -999.900   -999.900
    -86.710    -23.901    -23.973   -999.900   -999.900      0.072      0.000    -86.710    -86.710    -23.903    -23.974   -999.900   -999.900
    -91.710    -28.873    -28.817   -999.900   -999.900     -0.056      0.000    -91.710    -91.710    -28.879    -28.821   -999.900   -999.900
    -96.710    -33.632    -33.933   -999.900   -999.900      0.301      0.000    -96.710    -96.710    -33.649    -33.945   -999.900   -999.900
   -103.560    -40.010    -41.080   -999.900   -999.900      1.070      0.000   -103.560   -103.560    -40.083    -41.145   -999.900   -999.900
   -108.560    -44.529    -45.697   -999.900   -999.900      1.168      0.000   -108.560   -108.560    -44.738    -45.887   -999.900   -999.900
   -113.560    -48.914    -50.126   -999.900   -999.900      1.212      0.000   -113.560   -113.560    -49.515    -50.675   -999.900   -999.900
   -118.560    -52.859    -54.242   -999.900   -999.900      1.383      0.000   -118.560   -118.560    -54.536    -55.831   -999.900   -999.900
   -123.560    -56.011    -57.763   -999.900   -999.900      1.752      0.000   -123.560   -123.560    -60.722    -62.842   -999.900   -999.900
   -128.560    -58.173    -59.867   -999.900   -999.900      1.694      0.000   -128.560   -128.560    -60.722    -62.842   -999.900   -999.900
   -133.560    -59.168    -60.960   -999.900   -999.900      1.792      0.000   -133.560   -133.560    -60.722    -62.842   -999.900   -999.900
   -138.560    -59.678    -61.345   -999.900   -999.900      1.667      0.000   -138.560   -138.560    -60.722    -62.842   -999.900   -999.900
   -143.560    -59.955    -61.480   -999.900   -999.900      1.525      0.000   -143.560   -143.560    -60.722    -62.842   -999.900   -999.900
   -143.560    -59.937    -61.502   -999.900   -999.900      1.565      0.000   -143.560   -143.560    -60.722    -62.842   -999.900   -999.900
   -148.560    -59.918    -61.508   -999.900   -999.900      1.590      0.000   -148.560   -148.560    -60.722    -62.842   -999.900   -999.900
   -153.560    -59.898    -61.517   -999.900   -999.900      1.619      0.000   -153.560   -153.560    -60.722    -62.842   -999.900   -999.900
   -158.560    -59.891    -61.527   -999.900   -999.900      1.636      0.000   -158.560   -158.560    -60.722    -62.842   -999.900   -999.900
