    -34.300      5.368      4.535   -999.900   -999.900      0.833      0.000    -34.300    -34.300      5.368      4.535   -999.900   -999.900
    -39.300      0.820     -0.250   -999.900   -999.900      1.070      0.000    -39.300    -39.300      0.820     -0.250   -999.900   -999.900
    -44.300     -3.901     -5.074   -999.900   -999.900      1.173      0.000    -44.300    -44.300     -3.901     -5.074   -999.900   -999.900
    -49.300     -8.660     -9.740   -999.900   -999.900      1.080      0.000    -49.300    -49.300     -8.660     -9.740   -999.900   -999.900
    -54.300    -13.527    -14.571   -999.900   -999.900      1.044      0.000    -54.300    -54.300    -13.527    -14.571   -999.900   -999.900
    -59.300    -18.408    -19.530   -999.900   -999.900      1.122      0.000    -59.300    -59.300    -18.408    -19.530   -999.900   -999.900
    -64.300    -23.362    -24.621   -999.900   -999.900      1.259      0.000    -64.300    -64.300    -23.363    -24.622   -999.900   -999.900
    -69.300    -28.346    -29.781   -999.900   -999.900      1.435      0.000    -69.300    -69.300    -28.349    -29.784   -999.900   -999.900
    -74.300    -33.290    -34.885   -999.900   -999.900      1.595      0.000    -74.300    -74.300    -33.299    -34.896   -999.900   -999.900
    -80.080    -39.262    -41.326   -999.900   -999.900      2.064      0.000    -80.080    -80.080    -39.298    -41.373   -999.900   -999.900
    -85.080    -43.936    -45.765   -999.900   -999.900      1.829      0.000    -85.080    -85.080    -44.044    -45.898   -999.900   -999.900
    -90.080    -48.666    -50.056   -999.900   -999.900      1.390      0.000    -90.080    -90.080    -48.995    -50.423   -999.900   -999.900
    -95.080    -53.138    -53.960   -999.900   -999.900      0.822      0.000    -95.080    -95.080    -54.130    -54.924   -999.900   -999.900
   -100.080    -56.726    -57.304   -999.900   -999.900      0.578      0.000   -100.080   -100.080    -59.454    -59.746   -999.900   -999.900
   -105.080    -58.977    -59.336   -999.900   -999.900      0.359      0.000   -105.080   -105.080    -65.617    -64.375   -999.900   -999.900
   -110.080    -59.857    -60.496   -999.900   -999.900      0.639      0.000   -110.080   -110.080    -73.744    -70.360   -999.900   -999.900
   -115.080    -60.040    -60.808   -999.900   -999.900      0.768      0.000   -115.080   -115.080    -73.744    -75.201   -999.900   -999.900
   -115.080    -60.035    -60.949   -999.900   -999.900      0.914      0.000   -115.080   -115.080    -73.744    -84.349   -999.900   -999.900
   -120.080    -60.038    -61.054   -999.900   -999.900      1.016      0.000   -120.080   -120.080    -73.744    -84.349   -999.900   -999.900
   -125.080    -60.036    -61.035   -999.900   -999.900      0.999      0.000   -125.080   -125.080    -73.744    -84.349   -999.900   -999.900
   -130.080    -60.042    -61.003   -999.900   -999.900      0.961      0.000   -130.080   -130.080    -73.744    -84.349   -999.900   -999.900
