    -27.120      8.204      6.768   -999.900   -999.900      1.436      0.000    -27.120    -27.120      8.204      6.768   -999.900   -999.900
    -32.120      4.373      2.592   -999.900   -999.900      1.781      0.000    -32.120    -32.120      4.373      2.592   -999.900   -999.900
    -37.120     -0.300     -2.215   -999.900   -999.900      1.915      0.000    -37.120    -37.120     -0.300     -2.215   -999.900   -999.900
    -42.120     -5.159     -7.167   -999.900   -999.900      2.008      0.000    -42.120    -42.120     -5.159     -7.167   -999.900   -999.900
    -47.120    -10.138    -12.141   -999.900   -999.900      2.003      0.000    -47.120    -47.120    -10.138    -12.141   -999.900   -999.900
    -52.120    -15.135    -17.137   -999.900   -999.900      2.002      0.000    -52.120    -52.120    -15.135    -17.137   -999.900   -999.900
    -57.120    -20.106    -22.128   -999.900   -999.900      2.022      0.000    -57.120    -57.120    -20.106    -22.128   -999.900   -999.900
    -62.120    -25.077    -27.109   -999.900   -999.900      2.032      0.000    -62.120    -62.120    -25.077    -27.109   -999.900   -999.900
    -67.120    -30.087    -32.113   -999.900   -999.900      2.026      0.000    -67.120    -67.120    -30.088    -32.115   -999.900   -999.900
    -72.120    -35.084    -37.108   -999.900   -999.900      2.024      0.000    -72.120    -72.120    -35.088    -37.113   -999.900   -999.900
    -77.120    -40.048    -42.094   -999.900   -999.900      2.046      0.000    -77.120    -77.120    -40.061    -42.110   -999.900   -999.900
    -82.120    -45.054    -47.135   -999.900   -999.900      2.081      0.000    -82.120    -82.120    -45.097    -47.185   -999.900   -999.900
    -87.120    -49.985    -52.081   -999.900   -999.900      2.096      0.000    -87.120    -87.120    -50.120    -52.240   -999.900   -999.900
    -92.120    -54.652    -56.762   -999.900   -999.900      2.110      0.000    -92.120    -92.120    -55.059    -57.248   -999.900   -999.900
    -97.120    -59.009    -61.061   -999.900   -999.900      2.052      0.000    -97.120    -97.120    -60.224    -62.518   -999.900   -999.900
   -102.120    -62.101    -64.038   -999.900   -999.900      1.937      0.000   -102.120   -102.120    -65.088    -67.660   -999.900   -999.900
   -107.120    -63.859    -65.605   -999.900   -999.900      1.746      0.000   -107.120   -107.120    -69.802    -72.850   -999.900   -999.900
   -112.120    -64.714    -66.240   -999.900   -999.900      1.526      0.000   -112.120   -112.120    -75.063    -78.399   -999.900   -999.900
   -117.120    -65.004    -66.454   -999.900   -999.900      1.450      0.000   -117.120   -117.120    -80.293    -85.185   -999.900   -999.900
   -122.120    -65.110    -66.523   -999.900   -999.900      1.413      0.000   -122.120   -122.120    -87.621    -85.185   -999.900   -999.900
   -127.120    -65.143    -66.522   -999.900   -999.900      1.379      0.000   -127.120   -127.120    -87.621    -85.185   -999.900   -999.900
   -132.120    -65.164    -66.526   -999.900   -999.900      1.362      0.000   -132.120   -132.120    -87.621    -85.185   -999.900   -999.900
   -132.120    -65.165    -66.522   -999.900   -999.900      1.357      0.000   -132.120   -132.120    -87.621    -85.185   -999.900   -999.900
   -137.120    -65.163    -66.519   -999.900   -999.900      1.356      0.000   -137.120   -137.120    -87.621    -85.185   -999.900   -999.900
   -142.120    -65.162    -66.517   -999.900   -999.900      1.355      0.000   -142.120   -142.120    -87.621    -85.185   -999.900   -999.900
   -147.120    -65.167    -66.518   -999.900   -999.900      1.351      0.000   -147.120   -147.120    -87.621    -85.185   -999.900   -999.900
