    -38.620      4.450      5.497   -999.900   -999.900     -1.047      0.000    -38.620    -38.620      4.450      5.497   -999.900   -999.900
    -43.620     -0.089      0.626   -999.900   -999.900     -0.715      0.000    -43.620    -43.620     -0.089      0.626   -999.900   -999.900
    -48.620     -4.992     -4.545   -999.900   -999.900     -0.447      0.000    -48.620    -48.620     -4.992     -4.545   -999.900   -999.900
    -53.620     -9.962     -9.642   -999.900   -999.900     -0.320      0.000    -53.620    -53.620     -9.962     -9.642   -999.900   -999.900
    -58.620    -14.806    -14.716   -999.900   -999.900     -0.090      0.000    -58.620    -58.620    -14.806    -14.716   -999.900   -999.900
    -63.620    -19.569    -19.561   -999.900   -999.900     -0.008      0.000    -63.620    -63.620    -19.569    -19.561   -999.900   -999.900
    -68.620    -24.275    -24.335   -999.900   -999.900      0.060      0.000    -68.620    -68.620    -24.276    -24.336   -999.900   -999.900
    -73.620    -29.170    -29.144   -999.900   -999.900     -0.026      0.000    -73.620    -73.620    -29.173    -29.147   -999.900   -999.900
    -78.620    -34.223    -33.848   -999.900   -999.900     -0.375      0.000    -78.620    -78.620    -34.234    -33.858   -999.900   -999.900
    -84.970    -40.381    -41.207   -999.900   -999.900      0.826      0.000    -84.970    -84.970    -40.426    -41.261   -999.900   -999.900
    -89.970    -45.204    -45.934   -999.900   -999.900      0.730      0.000    -89.970    -89.970    -45.344    -46.095   -999.900   -999.900
    -94.970    -50.003    -50.275   -999.900   -999.900      0.272      0.000    -94.970    -94.970    -50.439    -50.728   -999.900   -999.900
    -99.970    -54.294    -54.230   -999.900   -999.900     -0.064      0.000    -99.970    -99.970    -55.581    -55.457   -999.900   -999.900
   -104.970    -57.486    -57.411   -999.900   -999.900     -0.075      0.000   -104.970   -104.970    -60.811    -60.528   -999.900   -999.900
   -109.970    -59.271    -59.345   -999.900   -999.900      0.074      0.000   -109.970   -109.970    -66.413    -66.321   -999.900   -999.900
   -114.970    -59.941    -60.086   -999.900   -999.900      0.145      0.000   -114.970   -114.970    -72.268    -72.935   -999.900   -999.900
   -119.970    -60.149    -60.323   -999.900   -999.900      0.174      0.000   -119.970   -119.970    -79.239    -72.935   -999.900   -999.900
   -124.970    -60.211    -60.344   -999.900   -999.900      0.133      0.000   -124.970   -124.970    -79.239    -72.935   -999.900   -999.900
   -129.970    -60.222    -60.325   -999.900   -999.900      0.103      0.000   -129.970   -129.970    -79.239    -72.935   -999.900   -999.900
   -134.970    -60.230    -60.278   -999.900   -999.900      0.048      0.000   -134.970   -134.970    -79.239    -72.935   -999.900   -999.900
