    -56.710    -15.829    -16.517   -999.900   -999.900      0.688      0.000    -56.710    -56.710    -15.829    -16.517   -999.900   -999.900
    -61.710    -20.526    -21.372   -999.900   -999.900      0.846      0.000    -61.710    -61.710    -20.526    -21.372   -999.900   -999.900
    -66.710    -25.496    -26.205   -999.900   -999.900      0.709      0.000    -66.710    -66.710    -25.498    -26.206   -999.900   -999.900
    -71.710    -30.535    -31.136   -999.900   -999.900      0.601      0.000    -71.710    -71.710    -30.540    -31.140   -999.900   -999.900
    -76.710    -35.546    -36.194   -999.900   -999.900      0.648      0.000    -76.710    -76.710    -35.561    -36.208   -999.900   -999.900
    -81.710    -40.283    -41.340   -999.900   -999.900      1.057      0.000    -81.710    -81.710    -40.329    -41.385   -999.900   -999.900
    -86.710    -45.041    -46.264   -999.900   -999.900      1.223      0.000    -86.710    -86.710    -45.179    -46.404   -999.900   -999.900
    -91.710    -49.415    -50.852   -999.900   -999.900      1.437      0.000    -91.710    -91.710    -49.804    -51.267   -999.900   -999.900
    -96.710    -53.429    -55.011   -999.900   -999.900      1.582      0.000    -96.710    -96.710    -54.485    -56.189   -999.900   -999.900
   -101.710    -56.710    -58.340   -999.900   -999.900      1.630      0.000   -101.710   -101.710    -59.382    -61.449   -999.900   -999.900
   -106.710    -58.660    -60.309   -999.900   -999.900      1.649      0.000   -106.710   -106.710    -64.187    -67.399   -999.900   -999.900
   -111.710    -59.612    -61.087   -999.900   -999.900      1.475      0.000   -111.710   -111.710    -69.456    -75.334   -999.900   -999.900
   -116.710    -59.960    -61.255   -999.900   -999.900      1.295      0.000   -116.710   -116.710    -75.354    -75.334   -999.900   -999.900
   -121.710    -60.114    -61.264   -999.900   -999.900      1.150      0.000   -121.710   -121.710    -75.354    -75.334   -999.900   -999.900
   -121.710    -60.120    -61.259   -999.900   -999.900      1.139      0.000   -121.710   -121.710    -75.354    -75.334   -999.900   -999.900
   -126.710    -60.121    -61.242   -999.900   -999.900      1.121      0.000   -126.710   -126.710    -75.354    -75.334   -999.900   -999.900
   -131.710    -60.110    -61.248   -999.900   -999.900      1.138      0.000   -131.710   -131.710    -75.354    -75.334   -999.900   -999.900
   -136.710    -60.101    -61.253   -999.900   -999.900      1.152      0.000   -136.710   -136.710    -75.354    -75.334   -999.900   -999.900
