    -35.730     -8.868     -8.580   -999.900   -999.900     -0.288      0.000    -35.730    -35.730     -8.868     -8.580   -999.900   -999.900
    -40.730    -12.937    -12.610   -999.900   -999.900     -0.327      0.000    -40.730    -40.730    -12.937    -12.610   -999.900   -999.900
    -45.730    -17.846    -17.495   -999.900   -999.900     -0.351      0.000    -45.730    -45.730    -17.846    -17.495   -999.900   -999.900
    -50.730    -22.764    -22.401   -999.900   -999.900     -0.363      0.000    -50.730    -50.730    -22.764    -22.401   -999.900   -999.900
    -55.730    -27.627    -27.231   -999.900   -999.900     -0.396      0.000    -55.730    -55.730    -27.627    -27.231   -999.900   -999.900
    -60.730    -32.452    -32.076   -999.900   -999.900     -0.376      0.000    -60.730    -60.730    -32.452    -32.076   -999.900   -999.900
    -65.730    -37.313    -36.834   -999.900   -999.900     -0.479      0.000    -65.730    -65.730    -37.314    -36.835   -999.900   -999.900
    -70.730    -42.211    -41.706   -999.900   -999.900     -0.505      0.000    -70.730    -70.730    -42.215    -41.709   -999.900   -999.900
    -75.730    -47.126    -46.457   -999.900   -999.900     -0.669      0.000    -75.730    -75.730    -47.137    -46.466   -999.900   -999.900
    -81.680    -53.903    -52.613   -999.900   -999.900     -1.290      0.000    -81.680    -81.680    -53.957    -52.649   -999.900   -999.900
    -86.680    -59.088    -57.052   -999.900   -999.900     -2.036      0.000    -86.680    -86.680    -59.270    -57.154   -999.900   -999.900
    -91.680    -64.367    -61.220   -999.900   -999.900     -3.147      0.000    -91.680    -91.680    -65.015    -61.490   -999.900   -999.900
    -96.680    -69.867    -64.822   -999.900   -999.900     -5.045      0.000    -96.680    -96.680    -72.807    -65.468   -999.900   -999.900
   -101.680    -73.532    -67.877   -999.900   -999.900     -5.655      0.000   -101.680   -101.680    -72.807    -69.300   -999.900   -999.900
   -106.680    -74.213    -69.924   -999.900   -999.900     -4.289      0.000   -106.680   -106.680    -72.807    -72.501   -999.900   -999.900
   -111.680    -73.657    -71.350   -999.900   -999.900     -2.307      0.000   -111.680   -111.680    -72.807    -75.569   -999.900   -999.900
   -116.680    -73.008    -72.242   -999.900   -999.900     -0.766      0.000   -116.680   -116.680    -72.807    -78.498   -999.900   -999.900
   -121.680    -73.145    -73.510   -999.900   -999.900      0.365      0.000   -121.680   -121.680    -72.807    -78.498   -999.900   -999.900
   -121.680    -71.650    -73.499   -999.900   -999.900      1.849      0.000   -121.680   -121.680    -72.807    -78.498   -999.900   -999.900
   -126.680    -71.821    -73.492   -999.900   -999.900      1.671      0.000   -126.680   -126.680    -72.807    -78.498   -999.900   -999.900
   -131.680    -74.456    -73.479   -999.900   -999.900     -0.977      0.000   -131.680   -131.680    -72.807    -78.498   -999.900   -999.900
   -136.680    -74.459    -74.595   -999.900   -999.900      0.136      0.000   -136.680   -136.680    -72.807    -78.498   -999.900   -999.900
