    -56.710    -16.580    -16.519   -999.900   -999.900     -0.061      0.000    -56.710    -56.710    -16.580    -16.519   -999.900   -999.900
    -61.710    -20.534    -21.328   -999.900   -999.900      0.794      0.000    -61.710    -61.710    -20.534    -21.328   -999.900   -999.900
    -66.710    -25.519    -26.138   -999.900   -999.900      0.619      0.000    -66.710    -66.710    -25.521    -26.139   -999.900   -999.900
    -71.710    -30.587    -31.103   -999.900   -999.900      0.516      0.000    -71.710    -71.710    -30.592    -31.107   -999.900   -999.900
    -76.710    -35.579    -36.255   -999.900   -999.900      0.676      0.000    -76.710    -76.710    -35.594    -36.269   -999.900   -999.900
    -81.710    -40.388    -41.372   -999.900   -999.900      0.984      0.000    -81.710    -81.710    -40.435    -41.417   -999.900   -999.900
    -86.710    -45.020    -46.215   -999.900   -999.900      1.195      0.000    -86.710    -86.710    -45.158    -46.353   -999.900   -999.900
    -91.710    -49.563    -50.828   -999.900   -999.900      1.265      0.000    -91.710    -91.710    -49.967    -51.241   -999.900   -999.900
    -96.710    -53.511    -54.902   -999.900   -999.900      1.391      0.000    -96.710    -96.710    -54.593    -56.048   -999.900   -999.900
   -101.710    -56.782    -58.213   -999.900   -999.900      1.431      0.000   -101.710   -101.710    -59.527    -61.198   -999.900   -999.900
   -106.710    -58.769    -60.198   -999.900   -999.900      1.429      0.000   -106.710   -106.710    -64.624    -66.876   -999.900   -999.900
   -111.710    -59.642    -60.994   -999.900   -999.900      1.352      0.000   -111.710   -111.710    -69.868    -73.440   -999.900   -999.900
   -116.710    -59.959    -61.257   -999.900   -999.900      1.298      0.000   -116.710   -116.710    -75.745    -73.440   -999.900   -999.900
   -121.710    -60.072    -61.284   -999.900   -999.900      1.212      0.000   -121.710   -121.710    -91.467    -73.440   -999.900   -999.900
   -121.710    -60.084    -61.260   -999.900   -999.900      1.176      0.000   -121.710   -121.710    -91.467    -73.440   -999.900   -999.900
   -126.710    -60.100    -61.236   -999.900   -999.900      1.136      0.000   -126.710   -126.710    -91.467    -73.440   -999.900   -999.900
   -131.710    -60.114    -61.228   -999.900   -999.900      1.114      0.000   -131.710   -131.710    -91.467    -73.440   -999.900   -999.900
   -136.710    -60.124    -61.227   -999.900   -999.900      1.103      0.000   -136.710   -136.710    -91.467    -73.440   -999.900   -999.900
