    -56.680    -15.603    -15.924   -999.900   -999.900      0.321      0.000    -56.680    -56.680    -15.603    -15.924   -999.900   -999.900
    -61.680    -20.567    -20.821   -999.900   -999.900      0.254      0.000    -61.680    -61.680    -20.568    -20.821   -999.900   -999.900
    -66.680    -25.444    -25.603   -999.900   -999.900      0.159      0.000    -66.680    -66.680    -25.446    -25.604   -999.900   -999.900
    -71.680    -30.361    -30.536   -999.900   -999.900      0.175      0.000    -71.680    -71.680    -30.366    -30.540   -999.900   -999.900
    -76.680    -35.252    -35.670   -999.900   -999.900      0.418      0.000    -76.680    -76.680    -35.267    -35.682   -999.900   -999.900
    -81.680    -39.959    -40.873   -999.900   -999.900      0.914      0.000    -81.680    -81.680    -40.003    -40.912   -999.900   -999.900
    -86.680    -44.561    -45.759   -999.900   -999.900      1.198      0.000    -86.680    -86.680    -44.689    -45.881   -999.900   -999.900
    -91.680    -49.055    -50.226   -999.900   -999.900      1.171      0.000    -91.680    -91.680    -49.426    -50.578   -999.900   -999.900
    -96.680    -53.167    -54.360   -999.900   -999.900      1.193      0.000    -96.680    -96.680    -54.196    -55.337   -999.900   -999.900
   -101.680    -56.354    -57.688   -999.900   -999.900      1.334      0.000   -101.680   -101.680    -58.867    -60.156   -999.900   -999.900
   -106.680    -58.450    -59.763   -999.900   -999.900      1.313      0.000   -106.680   -106.680    -63.853    -64.976   -999.900   -999.900
   -111.680    -59.373    -60.672   -999.900   -999.900      1.299      0.000   -111.680   -111.680    -68.593    -69.263   -999.900   -999.900
   -116.680    -59.833    -61.098   -999.900   -999.900      1.265      0.000   -116.680   -116.680    -76.545    -74.149   -999.900   -999.900
   -121.680    -59.969    -61.331   -999.900   -999.900      1.362      0.000   -121.680   -121.680    -76.545    -74.149   -999.900   -999.900
   -121.680    -59.962    -61.350   -999.900   -999.900      1.388      0.000   -121.680   -121.680    -76.545    -74.149   -999.900   -999.900
   -126.680    -59.954    -61.362   -999.900   -999.900      1.408      0.000   -126.680   -126.680    -76.545    -74.149   -999.900   -999.900
   -131.680    -59.933    -61.399   -999.900   -999.900      1.466      0.000   -131.680   -131.680    -76.545    -74.149   -999.900   -999.900
   -136.680    -59.910    -61.379   -999.900   -999.900      1.469      0.000   -136.680   -136.680    -76.545    -74.149   -999.900   -999.900
