    -34.650      5.710      4.913   -999.900   -999.900      0.797      0.000    -34.650    -34.650      5.710      4.913   -999.900   -999.900
    -39.650      1.419      0.508   -999.900   -999.900      0.911      0.000    -39.650    -39.650      1.419      0.508   -999.900   -999.900
    -44.650     -3.248     -4.282   -999.900   -999.900      1.034      0.000    -44.650    -44.650     -3.248     -4.282   -999.900   -999.900
    -49.650     -8.074     -9.257   -999.900   -999.900      1.183      0.000    -49.650    -49.650     -8.074     -9.257   -999.900   -999.900
    -54.650    -13.008    -14.209   -999.900   -999.900      1.201      0.000    -54.650    -54.650    -13.008    -14.209   -999.900   -999.900
    -59.650    -17.940    -19.181   -999.900   -999.900      1.241      0.000    -59.650    -59.650    -17.940    -19.181   -999.900   -999.900
    -64.650    -22.957    -24.187   -999.900   -999.900      1.230      0.000    -64.650    -64.650    -22.958    -24.188   -999.900   -999.900
    -69.650    -27.959    -29.076   -999.900   -999.900      1.117      0.000    -69.650    -69.650    -27.962    -29.079   -999.900   -999.900
    -74.650    -32.879    -33.951   -999.900   -999.900      1.072      0.000    -74.650    -74.650    -32.887    -33.961   -999.900   -999.900
    -80.700    -38.802    -39.300   -999.900   -999.900      0.498      0.000    -80.700    -80.700    -38.835    -39.334   -999.900   -999.900
    -85.700    -43.715    -44.067   -999.900   -999.900      0.352      0.000    -85.700    -85.700    -43.818    -44.170   -999.900   -999.900
    -90.700    -48.721    -48.499   -999.900   -999.900     -0.222      0.000    -90.700    -90.700    -49.057    -48.791   -999.900   -999.900
    -95.700    -53.761    -52.243   -999.900   -999.900     -1.518      0.000    -95.700    -95.700    -54.940    -52.969   -999.900   -999.900
   -100.700    -57.952    -55.707   -999.900   -999.900     -2.245      0.000   -100.700   -100.700    -62.203    -57.524   -999.900   -999.900
   -105.700    -59.787    -57.550   -999.900   -999.900     -2.237      0.000   -105.700   -105.700    -73.021    -60.762   -999.900   -999.900
   -110.700    -59.898    -59.061   -999.900   -999.900     -0.837      0.000   -110.700   -110.700    -76.312    -64.915   -999.900   -999.900
   -115.700    -59.373    -59.641   -999.900   -999.900      0.268      0.000   -115.700   -115.700    -68.099    -67.766   -999.900   -999.900
   -115.700    -59.762    -59.853   -999.900   -999.900      0.091      0.000   -115.700   -115.700    -72.522    -69.373   -999.900   -999.900
   -120.700    -59.986    -60.391   -999.900   -999.900      0.405      0.000   -120.700   -120.700    -85.464    -69.373   -999.900   -999.900
   -125.700    -59.997    -60.369   -999.900   -999.900      0.372      0.000   -125.700   -125.700    -95.169    -69.373   -999.900   -999.900
   -130.700    -60.012    -60.342   -999.900   -999.900      0.330      0.000   -130.700   -130.700    -95.169    -69.373   -999.900   -999.900
