    -26.700      8.549      6.483   -999.900   -999.900      2.066      0.000    -26.700    -26.700      8.549      6.483   -999.900   -999.900
    -28.700      7.533      5.013   -999.900   -999.900      2.520      0.000    -28.700    -28.700      7.533      5.013   -999.900   -999.900
    -30.700      6.162      3.339   -999.900   -999.900      2.823      0.000    -30.700    -30.700      6.162      3.339   -999.900   -999.900
    -32.700      4.646      1.572   -999.900   -999.900      3.074      0.000    -32.700    -32.700      4.646      1.572   -999.900   -999.900
    -34.700      3.049     -0.199   -999.900   -999.900      3.248      0.000    -34.700    -34.700      3.049     -0.199   -999.900   -999.900
    -37.700      0.567     -2.940   -999.900   -999.900      3.507      0.000    -37.700    -37.700      0.567     -2.940   -999.900   -999.900
    -42.700     -3.445     -7.417   -999.900   -999.900      3.972      0.000    -42.700    -42.700     -3.445     -7.417   -999.900   -999.900
    -47.700     -8.406    -12.391   -999.900   -999.900      3.985      0.000    -47.700    -47.700     -8.406    -12.391   -999.900   -999.900
    -52.700    -13.401    -17.397   -999.900   -999.900      3.996      0.000    -52.700    -52.700    -13.401    -17.397   -999.900   -999.900
    -57.700    -18.362    -22.378   -999.900   -999.900      4.016      0.000    -57.700    -57.700    -18.362    -22.378   -999.900   -999.900
    -62.700    -23.329    -27.352   -999.900   -999.900      4.023      0.000    -62.700    -62.700    -23.329    -27.352   -999.900   -999.900
    -67.700    -28.336    -32.366   -999.900   -999.900      4.030      0.000    -67.700    -67.700    -28.337    -32.368   -999.900   -999.900
    -72.700    -33.335    -37.357   -999.900   -999.900      4.022      0.000    -72.700    -72.700    -33.338    -37.362   -999.900   -999.900
    -77.700    -38.303    -42.324   -999.900   -999.900      4.021      0.000    -77.700    -77.700    -38.313    -42.339   -999.900   -999.900
    -82.700    -43.304    -47.311   -999.900   -999.900      4.007      0.000    -82.700    -82.700    -43.335    -47.360   -999.900   -999.900
    -87.700    -47.439    -51.736   -999.900   -999.900      4.297      0.000    -87.700    -87.700    -47.519    -51.872   -999.900   -999.900
    -92.700    -50.862    -55.679   -999.900   -999.900      4.817      0.000    -92.700    -92.700    -51.040    -56.025   -999.900   -999.900
    -96.700    -53.549    -58.698   -999.900   -999.900      5.149      0.000    -96.700    -96.700    -53.885    -59.422   -999.900   -999.900
   -100.700    -56.095    -61.279   -999.900   -999.900      5.184      0.000   -100.700   -100.700    -56.718    -62.694   -999.900   -999.900
   -102.700    -57.160    -62.312   -999.900   -999.900      5.152      0.000   -102.700   -102.700    -57.973    -64.201   -999.900   -999.900
   -104.700    -58.117    -63.251   -999.900   -999.900      5.134      0.000   -104.700   -104.700    -59.157    -65.753   -999.900   -999.900
   -106.700    -58.853    -63.852   -999.900   -999.900      4.999      0.000   -106.700   -106.700    -60.115    -66.887   -999.900   -999.900
   -109.700    -59.836    -64.740   -999.900   -999.900      4.904      0.000   -109.700   -109.700    -61.487    -68.907   -999.900   -999.900
   -112.700    -60.709    -65.332   -999.900   -999.900      4.623      0.000   -112.700   -112.700    -62.832    -70.664   -999.900   -999.900
   -117.700    -63.211    -66.339   -999.900   -999.900      3.128      0.000   -117.700   -117.700    -68.268    -75.987   -999.900   -999.900
   -122.700    -64.414    -66.718   -999.900   -999.900      2.304      0.000   -122.700   -122.700    -74.749    -82.381   -999.900   -999.900
   -127.700    -64.882    -66.866   -999.900   -999.900      1.984      0.000   -127.700   -127.700    -74.749    -82.381   -999.900   -999.900
   -132.700    -65.051    -66.902   -999.900   -999.900      1.851      0.000   -132.700   -132.700    -74.749    -82.381   -999.900   -999.900
   -137.700    -65.087    -66.907   -999.900   -999.900      1.820      0.000   -137.700   -137.700    -74.749    -82.381   -999.900   -999.900
   -142.700    -65.111    -66.912   -999.900   -999.900      1.801      0.000   -142.700   -142.700    -74.749    -82.381   -999.900   -999.900
   -147.700    -65.180    -66.922   -999.900   -999.900      1.742      0.000   -147.700   -147.700    -74.749    -82.381   -999.900   -999.900
   -147.700    -65.179    -66.923   -999.900   -999.900      1.744      0.000   -147.700   -147.700    -74.749    -82.381   -999.900   -999.900
   -152.700    -65.177    -66.922   -999.900   -999.900      1.745      0.000   -152.700   -152.700    -74.749    -82.381   -999.900   -999.900
   -157.700    -65.180    -66.918   -999.900   -999.900      1.738      0.000   -157.700   -157.700    -74.749    -82.381   -999.900   -999.900
   -162.700    -65.177    -66.921   -999.900   -999.900      1.744      0.000   -162.700   -162.700    -74.749    -82.381   -999.900   -999.900
