    -56.710    -15.697    -15.794   -999.900   -999.900      0.097      0.000    -56.710    -56.710    -15.697    -15.794   -999.900   -999.900
    -61.710    -20.474    -20.814   -999.900   -999.900      0.340      0.000    -61.710    -61.710    -20.474    -20.814   -999.900   -999.900
    -66.710    -25.482    -25.697   -999.900   -999.900      0.215      0.000    -66.710    -66.710    -25.484    -25.698   -999.900   -999.900
    -71.710    -30.553    -30.631   -999.900   -999.900      0.078      0.000    -71.710    -71.710    -30.558    -30.635   -999.900   -999.900
    -76.710    -35.408    -35.694   -999.900   -999.900      0.286      0.000    -76.710    -76.710    -35.423    -35.706   -999.900   -999.900
    -81.710    -39.995    -40.855   -999.900   -999.900      0.860      0.000    -81.710    -81.710    -40.039    -40.894   -999.900   -999.900
    -86.710    -44.585    -45.728   -999.900   -999.900      1.143      0.000    -86.710    -86.710    -44.714    -45.850   -999.900   -999.900
    -91.710    -49.205    -50.259   -999.900   -999.900      1.054      0.000    -91.710    -91.710    -49.590    -50.615   -999.900   -999.900
    -96.710    -53.435    -54.332   -999.900   -999.900      0.897      0.000    -96.710    -96.710    -54.542    -55.308   -999.900   -999.900
   -101.710    -56.656    -57.776   -999.900   -999.900      1.120      0.000   -101.710   -101.710    -59.432    -60.332   -999.900   -999.900
   -106.710    -58.605    -59.858   -999.900   -999.900      1.253      0.000   -106.710   -106.710    -64.451    -65.364   -999.900   -999.900
   -111.710    -59.491    -60.825   -999.900   -999.900      1.334      0.000   -111.710   -111.710    -69.813    -70.728   -999.900   -999.900
   -116.710    -59.756    -61.091   -999.900   -999.900      1.335      0.000   -116.710   -116.710    -74.220    -74.505   -999.900   -999.900
   -121.710    -59.968    -61.319   -999.900   -999.900      1.351      0.000   -121.710   -121.710    -74.220    -74.505   -999.900   -999.900
   -121.710    -59.958    -61.321   -999.900   -999.900      1.363      0.000   -121.710   -121.710    -74.220    -74.505   -999.900   -999.900
   -126.710    -59.955    -61.331   -999.900   -999.900      1.376      0.000   -126.710   -126.710    -74.220    -74.505   -999.900   -999.900
   -131.710    -59.934    -61.344   -999.900   -999.900      1.410      0.000   -131.710   -131.710    -74.220    -74.505   -999.900   -999.900
   -136.710    -59.918    -61.361   -999.900   -999.900      1.443      0.000   -136.710   -136.710    -74.220    -74.505   -999.900   -999.900
