    -36.150      5.647      5.877   -999.900   -999.900     -0.230      0.000    -36.150    -36.150      5.647      5.877   -999.900   -999.900
    -41.150      1.153      1.388   -999.900   -999.900     -0.235      0.000    -41.150    -41.150      1.153      1.388   -999.900   -999.900
    -46.150     -3.723     -3.589   -999.900   -999.900     -0.134      0.000    -46.150    -46.150     -3.723     -3.589   -999.900   -999.900
    -51.150     -8.682     -8.594   -999.900   -999.900     -0.088      0.000    -51.150    -51.150     -8.682     -8.594   -999.900   -999.900
    -56.150    -13.580    -13.586   -999.900   -999.900      0.006      0.000    -56.150    -56.150    -13.580    -13.586   -999.900   -999.900
    -61.150    -18.500    -18.510   -999.900   -999.900      0.010      0.000    -61.150    -61.150    -18.500    -18.510   -999.900   -999.900
    -66.150    -23.238    -23.505   -999.900   -999.900      0.267      0.000    -66.150    -66.150    -23.239    -23.506   -999.900   -999.900
    -71.150    -28.095    -28.588   -999.900   -999.900      0.493      0.000    -71.150    -71.150    -28.098    -28.591   -999.900   -999.900
    -76.150    -32.780    -33.735   -999.900   -999.900      0.955      0.000    -76.150    -76.150    -32.788    -33.743   -999.900   -999.900
    -81.930    -39.119    -40.120   -999.900   -999.900      1.001      0.000    -81.930    -81.930    -39.154    -40.157   -999.900   -999.900
    -86.930    -43.923    -45.040   -999.900   -999.900      1.117      0.000    -86.930    -86.930    -44.031    -45.156   -999.900   -999.900
    -91.930    -48.617    -49.599   -999.900   -999.900      0.982      0.000    -91.930    -91.930    -48.943    -49.938   -999.900   -999.900
    -96.930    -53.163    -53.818   -999.900   -999.900      0.655      0.000    -96.930    -96.930    -54.163    -54.777   -999.900   -999.900
   -101.930    -56.662    -57.284   -999.900   -999.900      0.622      0.000   -101.930   -101.930    -59.342    -59.804   -999.900   -999.900
   -106.930    -59.073    -59.512   -999.900   -999.900      0.439      0.000   -106.930   -106.930    -66.113    -65.284   -999.900   -999.900
   -111.930    -60.004    -60.541   -999.900   -999.900      0.537      0.000   -111.930   -111.930    -82.318    -72.207   -999.900   -999.900
   -116.930    -60.058    -60.781   -999.900   -999.900      0.723      0.000   -116.930   -116.930    -82.318    -78.966   -999.900   -999.900
   -116.930    -60.031    -60.755   -999.900   -999.900      0.724      0.000   -116.930   -116.930    -82.318    -77.519   -999.900   -999.900
   -121.930    -60.007    -60.872   -999.900   -999.900      0.865      0.000   -121.930   -121.930    -82.318    -77.519   -999.900   -999.900
   -126.930    -60.022    -60.930   -999.900   -999.900      0.908      0.000   -126.930   -126.930    -82.318    -77.519   -999.900   -999.900
   -131.930    -60.030    -60.902   -999.900   -999.900      0.872      0.000   -131.930   -131.930    -82.318    -77.519   -999.900   -999.900
