    -35.730     -7.530     -6.275   -999.900   -999.900     -1.255      0.000    -35.730    -35.730     -7.530     -6.275   -999.900   -999.900
    -40.730    -12.255    -10.949   -999.900   -999.900     -1.306      0.000    -40.730    -40.730    -12.255    -10.949   -999.900   -999.900
    -45.730    -17.105    -15.778   -999.900   -999.900     -1.327      0.000    -45.730    -45.730    -17.105    -15.778   -999.900   -999.900
    -50.730    -22.003    -20.675   -999.900   -999.900     -1.328      0.000    -50.730    -50.730    -22.003    -20.675   -999.900   -999.900
    -55.730    -26.833    -25.498   -999.900   -999.900     -1.335      0.000    -55.730    -55.730    -26.833    -25.498   -999.900   -999.900
    -60.730    -31.642    -30.328   -999.900   -999.900     -1.314      0.000    -60.730    -60.730    -31.642    -30.328   -999.900   -999.900
    -65.730    -36.498    -35.219   -999.900   -999.900     -1.279      0.000    -65.730    -65.730    -36.499    -35.220   -999.900   -999.900
    -70.730    -41.334    -40.037   -999.900   -999.900     -1.297      0.000    -70.730    -70.730    -41.338    -40.040   -999.900   -999.900
    -75.730    -46.230    -44.812   -999.900   -999.900     -1.418      0.000    -75.730    -75.730    -46.243    -44.820   -999.900   -999.900
    -81.680    -53.026    -51.078   -999.900   -999.900     -1.948      0.000    -81.680    -81.680    -53.089    -51.111   -999.900   -999.900
    -86.680    -57.917    -55.892   -999.900   -999.900     -2.025      0.000    -86.680    -86.680    -58.114    -55.993   -999.900   -999.900
    -91.680    -62.803    -60.495   -999.900   -999.900     -2.308      0.000    -91.680    -91.680    -63.442    -60.794   -999.900   -999.900
    -96.680    -67.599    -64.757   -999.900   -999.900     -2.842      0.000    -96.680    -96.680    -69.913    -65.606   -999.900   -999.900
   -101.680    -70.961    -68.395   -999.900   -999.900     -2.566      0.000   -101.680   -101.680    -80.786    -70.691   -999.900   -999.900
   -106.680    -72.340    -70.713   -999.900   -999.900     -1.627      0.000   -106.680   -106.680    -80.786    -75.943   -999.900   -999.900
   -111.680    -71.320    -71.850   -999.900   -999.900      0.530      0.000   -111.680   -111.680    -80.786    -82.290   -999.900   -999.900
   -116.680    -71.385    -72.261   -999.900   -999.900      0.876      0.000   -116.680   -116.680    -80.786   -113.416   -999.900   -999.900
   -121.680    -71.393    -72.259   -999.900   -999.900      0.866      0.000   -121.680   -121.680    -80.786   -104.959   -999.900   -999.900
   -121.680    -71.385    -72.263   -999.900   -999.900      0.878      0.000   -121.680   -121.680    -80.786   -104.959   -999.900   -999.900
   -126.680    -71.453    -72.259   -999.900   -999.900      0.806      0.000   -126.680   -126.680    -80.786   -104.959   -999.900   -999.900
   -131.680    -71.502    -72.264   -999.900   -999.900      0.762      0.000   -131.680   -131.680    -80.786   -104.959   -999.900   -999.900
   -136.680    -71.515    -72.262   -999.900   -999.900      0.747      0.000   -136.680   -136.680    -80.786   -104.959   -999.900   -999.900
