    -56.710    -15.543    -15.474   -999.900   -999.900     -0.069      0.000    -56.710    -56.710    -15.543    -15.474   -999.900   -999.900
    -61.710    -20.489    -20.581   -999.900   -999.900      0.092      0.000    -61.710    -61.710    -20.490    -20.581   -999.900   -999.900
    -66.710    -25.489    -25.607   -999.900   -999.900      0.118      0.000    -66.710    -66.710    -25.491    -25.608   -999.900   -999.900
    -71.710    -30.531    -30.621   -999.900   -999.900      0.090      0.000    -71.710    -71.710    -30.536    -30.625   -999.900   -999.900
    -76.710    -35.299    -35.610   -999.900   -999.900      0.311      0.000    -76.710    -76.710    -35.314    -35.622   -999.900   -999.900
    -81.710    -39.919    -40.595   -999.900   -999.900      0.676      0.000    -81.710    -81.710    -39.964    -40.633   -999.900   -999.900
    -86.710    -44.513    -45.543   -999.900   -999.900      1.030      0.000    -86.710    -86.710    -44.643    -45.662   -999.900   -999.900
    -91.710    -49.070    -50.126   -999.900   -999.900      1.056      0.000    -91.710    -91.710    -49.452    -50.476   -999.900   -999.900
    -96.710    -53.244    -54.238   -999.900   -999.900      0.994      0.000    -96.710    -96.710    -54.323    -55.206   -999.900   -999.900
   -101.710    -56.500    -57.576   -999.900   -999.900      1.076      0.000   -101.710   -101.710    -59.221    -60.024   -999.900   -999.900
   -106.710    -58.489    -59.632   -999.900   -999.900      1.143      0.000   -106.710   -106.710    -64.274    -64.744   -999.900   -999.900
   -111.710    -59.340    -60.518   -999.900   -999.900      1.178      0.000   -111.710   -111.710    -69.145    -68.710   -999.900   -999.900
   -116.710    -59.626    -60.854   -999.900   -999.900      1.228      0.000   -116.710   -116.710    -73.227    -71.643   -999.900   -999.900
   -121.710    -59.845    -61.280   -999.900   -999.900      1.435      0.000   -121.710   -121.710    -73.227    -71.643   -999.900   -999.900
   -121.710    -59.850    -61.308   -999.900   -999.900      1.458      0.000   -121.710   -121.710    -73.227    -71.643   -999.900   -999.900
   -126.710    -59.860    -61.309   -999.900   -999.900      1.449      0.000   -126.710   -126.710    -73.227    -71.643   -999.900   -999.900
   -131.710    -59.866    -61.313   -999.900   -999.900      1.447      0.000   -131.710   -131.710    -73.227    -71.643   -999.900   -999.900
   -136.710    -59.877    -61.350   -999.900   -999.900      1.473      0.000   -136.710   -136.710    -73.227    -71.643   -999.900   -999.900
