    -36.150      5.056      6.043   -999.900   -999.900     -0.987      0.000    -36.150    -36.150      5.056      6.043   -999.900   -999.900
    -41.150      0.556      2.172   -999.900   -999.900     -1.616      0.000    -41.150    -41.150      0.556      2.172   -999.900   -999.900
    -46.150     -4.338     -2.376   -999.900   -999.900     -1.962      0.000    -46.150    -46.150     -4.338     -2.376   -999.900   -999.900
    -51.150     -9.300     -7.061   -999.900   -999.900     -2.239      0.000    -51.150    -51.150     -9.300     -7.061   -999.900   -999.900
    -56.150    -14.014    -12.127   -999.900   -999.900     -1.887      0.000    -56.150    -56.150    -14.014    -12.127   -999.900   -999.900
    -61.150    -18.738    -17.464   -999.900   -999.900     -1.274      0.000    -61.150    -61.150    -18.738    -17.464   -999.900   -999.900
    -66.150    -23.641    -22.987   -999.900   -999.900     -0.654      0.000    -66.150    -66.150    -23.642    -22.988   -999.900   -999.900
    -71.150    -28.559    -28.378   -999.900   -999.900     -0.181      0.000    -71.150    -71.150    -28.562    -28.381   -999.900   -999.900
    -76.150    -33.714    -33.818   -999.900   -999.900      0.104      0.000    -76.150    -76.150    -33.724    -33.827   -999.900   -999.900
    -81.930    -39.922    -39.404   -999.900   -999.900     -0.518      0.000    -81.930    -81.930    -39.964    -39.437   -999.900   -999.900
    -86.930    -44.560    -44.766   -999.900   -999.900      0.206      0.000    -86.930    -86.930    -44.682    -44.881   -999.900   -999.900
    -91.930    -49.158    -49.490   -999.900   -999.900      0.332      0.000    -91.930    -91.930    -49.519    -49.840   -999.900   -999.900
    -96.930    -53.334    -53.779   -999.900   -999.900      0.445      0.000    -96.930    -96.930    -54.351    -54.792   -999.900   -999.900
   -101.930    -56.772    -57.308   -999.900   -999.900      0.536      0.000   -101.930   -101.930    -59.453    -60.055   -999.900   -999.900
   -106.930    -58.799    -59.464   -999.900   -999.900      0.665      0.000   -106.930   -106.930    -64.559    -65.849   -999.900   -999.900
   -111.930    -59.670    -60.456   -999.900   -999.900      0.786      0.000   -111.930   -111.930    -69.570    -75.367   -999.900   -999.900
   -116.930    -60.028    -60.585   -999.900   -999.900      0.557      0.000   -116.930   -116.930    -76.014    -85.672   -999.900   -999.900
   -116.930    -60.054    -60.559   -999.900   -999.900      0.505      0.000   -116.930   -116.930    -77.189    -80.993   -999.900   -999.900
   -121.930    -60.189    -60.651   -999.900   -999.900      0.462      0.000   -121.930   -121.930    -77.189    -80.993   -999.900   -999.900
   -126.930    -60.206    -60.617   -999.900   -999.900      0.411      0.000   -126.930   -126.930    -77.189    -80.993   -999.900   -999.900
   -131.930    -60.221    -60.581   -999.900   -999.900      0.360      0.000   -131.930   -131.930    -77.189    -80.993   -999.900   -999.900
