    -35.670      4.572      6.210   -999.900   -999.900     64.048      0.000    -35.670    -35.670      4.572    -76.849   -999.900   -999.900
    -40.670     -0.042      2.182   -999.900   -999.900     59.535      0.000    -40.670    -40.670     -0.042    -76.849   -999.900   -999.900
    -45.670     -4.939     -2.425   -999.900   -999.900     54.592      0.000    -45.670    -45.670     -4.939    -76.849   -999.900   -999.900
    -50.670     -9.787     -7.129   -999.900   -999.900     49.666      0.000    -50.670    -50.670     -9.787    -76.849   -999.900   -999.900
    -55.670    -14.501    -11.878   -999.900   -999.900     44.884      0.000    -55.670    -55.670    -14.501    -76.849   -999.900   -999.900
    -60.670    -19.275    -16.614   -999.900   -999.900     40.026      0.000    -60.670    -60.670    -19.275    -76.849   -999.900   -999.900
    -65.670    -24.207    -21.416   -999.900   -999.900     35.143      0.000    -65.670    -65.670    -24.208    -76.849   -999.900   -999.900
    -70.670    -29.175    -26.502   -999.900   -999.900     30.357      0.000    -70.670    -70.670    -29.179    -76.849   -999.900   -999.900
    -75.670    -34.124    -31.856   -999.900   -999.900     25.665      0.000    -75.670    -75.670    -34.135    -76.849   -999.900   -999.900
    -82.520    -40.132    -38.085   -999.900   -999.900     20.496      0.000    -82.520    -82.520    -40.176    -76.849   -999.900   -999.900
    -87.520    -44.902    -42.872   -999.900   -999.900     15.538      0.000    -87.520    -87.520    -45.034    -76.849   -999.900   -999.900
    -92.520    -49.457    -47.387   -999.900   -999.900     10.830      0.000    -92.520    -92.520    -49.846    -76.849   -999.900   -999.900
    -97.520    -53.626    -51.564   -999.900   -999.900      6.525      0.000    -97.520    -97.520    -54.725    -76.849   -999.900   -999.900
   -102.520    -56.761    -55.139   -999.900   -999.900      3.182      0.000   -102.520   -102.520    -59.438    -76.849   -999.900   -999.900
   -107.520    -58.648    -57.705   -999.900   -999.900      1.189      0.000   -107.520   -107.520    -64.033    -76.849   -999.900   -999.900
   -112.520    -59.552    -59.142   -999.900   -999.900      0.169      0.000   -112.520   -112.520    -68.580    -76.849   -999.900   -999.900
   -117.520    -59.933    -59.829   -999.900   -999.900     -0.297      0.000   -117.520   -117.520    -73.423    -76.849   -999.900   -999.900
   -122.520    -60.146    -60.155   -999.900   -999.900     -0.566      0.000   -122.520   -122.520    -73.423    -76.849   -999.900   -999.900
   -122.520    -60.158    -60.229   -999.900   -999.900     -0.593      0.000   -122.520   -122.520    -73.423    -76.849   -999.900   -999.900
   -127.520    -60.175    -60.297   -999.900   -999.900     -0.633      0.000   -127.520   -127.520    -73.423    -76.849   -999.900   -999.900
   -132.520    -60.188    -60.354   -999.900   -999.900     -0.673      0.000   -132.520   -132.520    -73.423    -76.849   -999.900   -999.900
   -137.520    -60.199    -60.413   -999.900   -999.900     -0.697      0.000   -137.520   -137.520    -73.423    -76.849   -999.900   -999.900
