    -34.770    -62.361      4.981   -999.900   -999.900    -67.343      0.000    -34.770    -34.770    -70.676      4.981   -999.900   -999.900
    -39.770    -62.868      0.471   -999.900   -999.900    -63.339      0.000    -39.770    -39.770    -76.653      0.471   -999.900   -999.900
    -44.770    -62.893     -4.483   -999.900   -999.900    -58.410      0.000    -44.770    -44.770    -77.283     -4.483   -999.900   -999.900
    -49.770    -62.919     -9.474   -999.900   -999.900    -53.445      0.000    -49.770    -49.770    -78.055     -9.474   -999.900   -999.900
    -54.770    -62.854    -14.388   -999.900   -999.900    -48.465      0.000    -54.770    -54.770    -76.313    -14.388   -999.900   -999.900
    -59.770    -62.624    -19.090   -999.900   -999.900    -43.534      0.000    -59.770    -59.770    -72.877    -19.090   -999.900   -999.900
    -64.770    -62.684    -23.951   -999.900   -999.900    -38.733      0.000    -64.770    -64.770    -73.568    -23.952   -999.900   -999.900
    -69.770    -62.565    -29.068   -999.900   -999.900    -33.498      0.000    -69.770    -69.770    -72.296    -29.069   -999.900   -999.900
    -74.770    -62.517    -34.312   -999.900   -999.900    -28.205      0.000    -74.770    -74.770    -71.861    -34.317   -999.900   -999.900
    -79.770    -62.504    -40.833   -999.900   -999.900    -21.671      0.000    -79.770    -79.770    -71.753    -40.855   -999.900   -999.900
    -84.770    -62.690    -45.500   -999.900   -999.900    -17.190      0.000    -84.770    -84.770    -73.634    -45.563   -999.900   -999.900
    -89.770    -62.871    -49.954   -999.900   -999.900    -12.917      0.000    -89.770    -89.770    -76.725    -50.134   -999.900   -999.900
    -94.770    -62.972    -54.410   -999.900   -999.900     -8.563      0.000    -94.770    -94.770    -80.261    -54.930   -999.900   -999.900
    -99.770    -63.027    -58.559   -999.900   -999.900     -4.468      0.000    -99.770    -99.770    -85.101    -60.069   -999.900   -999.900
   -104.770    -63.068    -61.399   -999.900   -999.900     -1.669      0.000   -104.770   -104.770    -85.101    -65.013   -999.900   -999.900
   -109.770    -63.022    -63.188   -999.900   -999.900      0.166      0.000   -109.770   -109.770    -85.101    -71.507   -999.900   -999.900
   -114.770    -63.042    -63.645   -999.900   -999.900      0.603      0.000   -114.770   -114.770    -85.101    -76.437   -999.900   -999.900
   -119.770    -63.060    -63.967   -999.900   -999.900      0.907      0.000   -119.770   -119.770    -85.101    -76.437   -999.900   -999.900
   -124.770    -63.057    -63.969   -999.900   -999.900      0.912      0.000   -124.770   -124.770    -85.101    -76.437   -999.900   -999.900
   -129.770    -63.057    -63.945   -999.900   -999.900      0.888      0.000   -129.770   -129.770    -85.101    -76.437   -999.900   -999.900
