    -34.650    -59.941      5.088   -999.900   -999.900    -65.028      0.000    -34.650    -34.650    -63.094      5.088   -999.900   -999.900
    -39.650    -60.546      0.481   -999.900   -999.900    -61.026      0.000    -39.650    -39.650    -64.453      0.481   -999.900   -999.900
    -44.650    -60.183     -4.446   -999.900   -999.900    -55.737      0.000    -44.650    -44.650    -63.610     -4.446   -999.900   -999.900
    -49.650    -60.840     -9.425   -999.900   -999.900    -51.415      0.000    -49.650    -49.650    -65.217     -9.425   -999.900   -999.900
    -54.650    -60.819    -14.371   -999.900   -999.900    -46.448      0.000    -54.650    -54.650    -65.160    -14.371   -999.900   -999.900
    -59.650    -60.402    -19.280   -999.900   -999.900    -41.122      0.000    -59.650    -59.650    -64.108    -19.280   -999.900   -999.900
    -64.650    -60.605    -24.105   -999.900   -999.900    -36.500      0.000    -64.650    -64.650    -64.601    -24.105   -999.900   -999.900
    -69.650    -60.595    -28.968   -999.900   -999.900    -31.627      0.000    -69.650    -69.650    -64.575    -28.969   -999.900   -999.900
    -74.650    -61.160    -33.766   -999.900   -999.900    -27.393      0.000    -74.650    -74.650    -66.154    -33.771   -999.900   -999.900
    -80.700    -62.212    -40.477   -999.900   -999.900    -21.734      0.000    -80.700    -80.700    -71.099    -40.498   -999.900   -999.900
    -85.700    -62.431    -45.459   -999.900   -999.900    -16.972      0.000    -85.700    -85.700    -73.185    -45.525   -999.900   -999.900
    -90.700    -62.285    -50.369   -999.900   -999.900    -11.916      0.000    -90.700    -90.700    -71.701    -50.574   -999.900   -999.900
    -95.700    -62.757    -54.961   -999.900   -999.900     -7.796      0.000    -95.700    -95.700    -81.672    -55.581   -999.900   -999.900
   -100.700    -62.881    -59.296   -999.900   -999.900     -3.585      0.000   -100.700   -100.700    -81.672    -61.243   -999.900   -999.900
   -105.700    -62.738    -62.742   -999.900   -999.900      0.004      0.000   -105.700   -105.700    -81.672    -69.704   -999.900   -999.900
   -110.700    -62.658    -63.477   -999.900   -999.900      0.819      0.000   -110.700   -110.700    -81.672    -76.160   -999.900   -999.900
   -115.700    -62.783    -63.622   -999.900   -999.900      0.838      0.000   -115.700   -115.700    -81.672    -80.238   -999.900   -999.900
   -115.700    -62.853    -63.844   -999.900   -999.900      0.991      0.000   -115.700   -115.700    -81.672    -80.238   -999.900   -999.900
   -120.700    -62.855    -63.825   -999.900   -999.900      0.970      0.000   -120.700   -120.700    -81.672    -80.238   -999.900   -999.900
   -125.700    -62.861    -63.786   -999.900   -999.900      0.926      0.000   -125.700   -125.700    -81.672    -80.238   -999.900   -999.900
   -130.700    -62.870    -63.763   -999.900   -999.900      0.893      0.000   -130.700   -130.700    -81.672    -80.238   -999.900   -999.900
