    -34.770    -63.415      3.291   -999.900   -999.900    -66.706      0.000    -34.770    -34.770    -78.589      3.291   -999.900   -999.900
    -39.770    -63.397     -1.385   -999.900   -999.900    -62.012      0.000    -39.770    -39.770    -78.032     -1.385   -999.900   -999.900
    -44.770    -63.495     -6.168   -999.900   -999.900    -57.327      0.000    -44.770    -44.770    -82.576     -6.168   -999.900   -999.900
    -49.770    -63.318    -11.037   -999.900   -999.900    -52.281      0.000    -49.770    -49.770    -76.175    -11.037   -999.900   -999.900
    -54.770    -63.297    -15.963   -999.900   -999.900    -47.334      0.000    -54.770    -54.770    -75.786    -15.963   -999.900   -999.900
    -59.770    -63.125    -20.899   -999.900   -999.900    -42.226      0.000    -59.770    -59.770    -73.440    -20.899   -999.900   -999.900
    -64.770    -62.905    -26.611   -999.900   -999.900    -36.294      0.000    -64.770    -64.770    -71.512    -26.612   -999.900   -999.900
    -69.770    -63.038    -31.775   -999.900   -999.900    -31.263      0.000    -69.770    -69.770    -72.585    -31.777   -999.900   -999.900
    -74.770    -62.875    -36.840   -999.900   -999.900    -26.035      0.000    -74.770    -74.770    -71.299    -36.847   -999.900   -999.900
    -79.770    -62.849    -41.755   -999.900   -999.900    -21.094      0.000    -79.770    -79.770    -71.121    -41.776   -999.900   -999.900
    -84.770    -63.218    -46.531   -999.900   -999.900    -16.687      0.000    -84.770    -84.770    -74.562    -46.596   -999.900   -999.900
    -89.770    -63.432    -51.181   -999.900   -999.900    -12.251      0.000    -89.770    -89.770    -79.187    -51.372   -999.900   -999.900
    -94.770    -63.409    -55.805   -999.900   -999.900     -7.604      0.000    -94.770    -94.770    -78.396    -56.385   -999.900   -999.900
    -99.770    -63.400    -59.856   -999.900   -999.900     -3.544      0.000    -99.770    -99.770    -78.120    -61.515   -999.900   -999.900
   -104.770    -63.477    -62.841   -999.900   -999.900     -0.636      0.000   -104.770   -104.770    -81.318    -67.175   -999.900   -999.900
   -109.770    -63.500    -64.368   -999.900   -999.900      0.868      0.000   -109.770   -109.770    -83.001    -74.253   -999.900   -999.900
   -114.770    -63.540    -64.453   -999.900   -999.900      0.913      0.000   -114.770   -114.770    -90.383    -75.162   -999.900   -999.900
   -119.770    -63.545    -64.968   -999.900   -999.900      1.423      0.000   -119.770   -119.770    -93.911    -75.162   -999.900   -999.900
   -124.770    -63.560    -64.994   -999.900   -999.900      1.434      0.000   -124.770   -124.770    -93.911    -75.162   -999.900   -999.900
   -129.770    -63.551    -64.963   -999.900   -999.900      1.412      0.000   -129.770   -129.770    -93.911    -75.162   -999.900   -999.900
