    -34.650    -62.140      4.879   -999.900   -999.900    -67.019      0.000    -34.650    -34.650    -70.550      4.879   -999.900   -999.900
    -39.650    -62.837      0.152   -999.900   -999.900    -62.989      0.000    -39.650    -39.650    -70.550      0.152   -999.900   -999.900
    -44.650    -62.706     -4.718   -999.900   -999.900    -57.987      0.000    -44.650    -44.650    -70.550     -4.718   -999.900   -999.900
    -49.650    -62.600     -9.517   -999.900   -999.900    -53.083      0.000    -49.650    -49.650    -70.550     -9.517   -999.900   -999.900
    -54.650    -62.469    -14.214   -999.900   -999.900    -48.255      0.000    -54.650    -54.650    -70.550    -14.214   -999.900   -999.900
    -59.650    -62.539    -18.961   -999.900   -999.900    -43.579      0.000    -59.650    -59.650    -70.550    -18.961   -999.900   -999.900
    -64.650    -62.513    -23.876   -999.900   -999.900    -38.637      0.000    -64.650    -64.650    -70.550    -23.877   -999.900   -999.900
    -69.650    -62.526    -28.791   -999.900   -999.900    -33.736      0.000    -69.650    -69.650    -70.550    -28.792   -999.900   -999.900
    -74.650    -62.640    -33.739   -999.900   -999.900    -28.902      0.000    -74.650    -74.650    -70.550    -33.743   -999.900   -999.900
    -80.700    -61.696    -39.659   -999.900   -999.900    -22.036      0.000    -80.700    -80.700    -70.550    -39.678   -999.900   -999.900
    -85.700    -62.330    -44.519   -999.900   -999.900    -17.811      0.000    -85.700    -85.700    -70.550    -44.577   -999.900   -999.900
    -90.700    -62.625    -49.558   -999.900   -999.900    -13.067      0.000    -90.700    -90.700    -70.550    -49.744   -999.900   -999.900
    -95.700    -62.245    -54.284   -999.900   -999.900     -7.961      0.000    -95.700    -95.700    -70.550    -54.861   -999.900   -999.900
   -100.700    -62.442    -58.753   -999.900   -999.900     -3.689      0.000   -100.700   -100.700    -70.550    -60.610   -999.900   -999.900
   -105.700    -62.558    -61.981   -999.900   -999.900     -0.576      0.000   -105.700   -105.700    -70.550    -67.691   -999.900   -999.900
   -110.700    -62.653    -63.209   -999.900   -999.900      0.557      0.000   -110.700   -110.700    -70.550    -78.505   -999.900   -999.900
   -115.700    -62.144    -63.320   -999.900   -999.900      1.176      0.000   -115.700   -115.700    -70.550    -86.802   -999.900   -999.900
   -115.700    -62.787    -63.383   -999.900   -999.900      0.596      0.000   -115.700   -115.700    -70.550    -86.802   -999.900   -999.900
   -120.700    -63.124    -63.398   -999.900   -999.900      0.275      0.000   -120.700   -120.700    -70.550    -86.802   -999.900   -999.900
   -125.700    -63.138    -63.376   -999.900   -999.900      0.238      0.000   -125.700   -125.700    -70.550    -86.802   -999.900   -999.900
   -130.700    -63.145    -63.353   -999.900   -999.900      0.208      0.000   -130.700   -130.700    -70.550    -86.802   -999.900   -999.900
