    -34.770    -60.445      3.438   -999.900   -999.900    -63.883      0.000    -34.770    -34.770    -72.873      3.438   -999.900   -999.900
    -39.770    -60.509     -1.237   -999.900   -999.900    -59.272      0.000    -39.770    -39.770    -74.156     -1.237   -999.900   -999.900
    -44.770    -60.524     -6.120   -999.900   -999.900    -54.404      0.000    -44.770    -44.770    -74.517     -6.120   -999.900   -999.900
    -49.770    -60.486    -11.084   -999.900   -999.900    -49.402      0.000    -49.770    -49.770    -73.652    -11.084   -999.900   -999.900
    -54.770    -60.436    -16.029   -999.900   -999.900    -44.407      0.000    -54.770    -54.770    -72.718    -16.029   -999.900   -999.900
    -59.770    -60.463    -20.965   -999.900   -999.900    -39.498      0.000    -59.770    -59.770    -73.199    -20.965   -999.900   -999.900
    -64.770    -60.456    -26.637   -999.900   -999.900    -33.819      0.000    -64.770    -64.770    -73.069    -26.638   -999.900   -999.900
    -69.770    -60.481    -31.791   -999.900   -999.900    -28.690      0.000    -69.770    -69.770    -73.550    -31.795   -999.900   -999.900
    -74.770    -60.402    -36.949   -999.900   -999.900    -23.453      0.000    -74.770    -74.770    -72.176    -36.962   -999.900   -999.900
    -79.770    -60.415    -41.894   -999.900   -999.900    -18.521      0.000    -79.770    -79.770    -72.376    -41.933   -999.900   -999.900
    -84.770    -60.544    -46.655   -999.900   -999.900    -13.889      0.000    -84.770    -84.770    -75.049    -46.773   -999.900   -999.900
    -89.770    -60.645    -51.303   -999.900   -999.900     -9.342      0.000    -89.770    -89.770    -79.592    -51.658   -999.900   -999.900
    -94.770    -60.646    -55.753   -999.900   -999.900     -4.893      0.000    -94.770    -94.770    -79.671    -56.825   -999.900   -999.900
    -99.770    -60.592    -59.383   -999.900   -999.900     -1.209      0.000    -99.770    -99.770    -76.662    -62.432   -999.900   -999.900
   -104.770    -60.612    -61.489   -999.900   -999.900      0.877      0.000   -104.770   -104.770    -77.555    -68.916   -999.900   -999.900
   -109.770    -60.670    -62.237   -999.900   -999.900      1.567      0.000   -109.770   -109.770    -82.191    -77.945   -999.900   -999.900
   -114.770    -60.669    -62.219   -999.900   -999.900      1.550      0.000   -114.770   -114.770    -82.051    -77.321   -999.900   -999.900
   -119.770    -60.702    -62.417   -999.900   -999.900      1.715      0.000   -119.770   -119.770    -82.051    -77.321   -999.900   -999.900
   -124.770    -60.722    -62.387   -999.900   -999.900      1.665      0.000   -124.770   -124.770    -82.051    -77.321   -999.900   -999.900
   -129.770    -60.710    -62.401   -999.900   -999.900      1.691      0.000   -129.770   -129.770    -82.051    -77.321   -999.900   -999.900
