    -29.000      9.227    -51.468   -999.900   -999.900     60.694      0.000    -29.000    -29.000      9.227    -54.628   -999.900   -999.900
    -31.000      9.357    -51.646   -999.900   -999.900     61.002      0.000    -31.000    -31.000      9.357    -55.006   -999.900   -999.900
    -33.000      9.305    -51.758   -999.900   -999.900     61.062      0.000    -33.000    -33.000      9.305    -55.252   -999.900   -999.900
    -35.000      8.991    -51.999   -999.900   -999.900     60.989      0.000    -35.000    -35.000      8.991    -55.810   -999.900   -999.900
    -37.000      8.324    -52.308   -999.900   -999.900     60.632      0.000    -37.000    -37.000      8.324    -56.595   -999.900   -999.900
    -39.000      7.233    -52.723   -999.900   -999.900     59.956      0.000    -39.000    -39.000      7.233    -57.813   -999.900   -999.900
    -41.000      5.805    -53.042   -999.900   -999.900     58.846      0.000    -41.000    -41.000      5.805    -58.940   -999.900   -999.900
    -43.000      4.127    -53.402   -999.900   -999.900     57.529      0.000    -43.000    -43.000      4.127    -60.549   -999.900   -999.900
    -45.000      2.300    -53.768   -999.900   -999.900     56.067      0.000    -45.000    -45.000      2.300    -62.905   -999.900   -999.900
    -47.000      0.521    -53.913   -999.900   -999.900     54.434      0.000    -47.000    -47.000      0.521    -64.267   -999.900   -999.900
    -49.000     -1.398    -54.031   -999.900   -999.900     52.633      0.000    -49.000    -49.000     -1.398    -65.764   -999.900   -999.900
    -51.000     -3.347    -54.118   -999.900   -999.900     50.771      0.000    -51.000    -51.000     -3.347    -67.278   -999.900   -999.900
    -53.000     -5.296    -54.188   -999.900   -999.900     48.892      0.000    -53.000    -53.000     -5.296    -69.032   -999.900   -999.900
    -55.000     -7.296    -54.230   -999.900   -999.900     46.934      0.000    -55.000    -55.000     -7.297    -70.550   -999.900   -999.900
    -57.000     -9.249    -54.223   -999.900   -999.900     44.974      0.000    -57.000    -57.000     -9.250    -70.249   -999.900   -999.900
    -59.000    -11.229    -54.251   -999.900   -999.900     43.022      0.000    -59.000    -59.000    -11.229    -71.558   -999.900   -999.900
    -61.000    -13.162    -54.237   -999.900   -999.900     41.075      0.000    -61.000    -61.000    -13.163    -70.853   -999.900   -999.900
    -63.000    -15.133    -54.259   -999.900   -999.900     39.126      0.000    -63.000    -63.000    -15.133    -71.972   -999.900   -999.900
    -65.000    -17.120    -54.253   -999.900   -999.900     37.133      0.000    -65.000    -65.000    -17.121    -71.662   -999.900   -999.900
    -67.000    -19.078    -54.218   -999.900   -999.900     35.140      0.000    -67.000    -67.000    -19.079    -70.060   -999.900   -999.900
    -69.000    -21.176    -54.183   -999.900   -999.900     33.007      0.000    -69.000    -69.000    -21.178    -68.887   -999.900   -999.900
    -71.000    -23.155    -54.202   -999.900   -999.900     31.048      0.000    -71.000    -71.000    -23.158    -69.493   -999.900   -999.900
    -73.000    -25.196    -54.146   -999.900   -999.900     28.951      0.000    -73.000    -73.000    -25.201    -67.914   -999.900   -999.900
    -75.000    -27.385    -54.198   -999.900   -999.900     26.813      0.000    -75.000    -75.000    -27.394    -69.345   -999.900   -999.900
    -77.000    -29.638    -54.182   -999.900   -999.900     24.544      0.000    -77.000    -77.000    -29.654    -68.857   -999.900   -999.900
    -79.000    -32.142    -54.151   -999.900   -999.900     22.009      0.000    -79.000    -79.000    -32.170    -68.021   -999.900   -999.900
    -81.000    -54.091    -54.338   -999.900   -999.900      0.247      0.000    -81.000    -81.000    -32.170    -68.021   -999.900   -999.900
    -83.000    -54.087    -54.331   -999.900   -999.900      0.245      0.000    -83.000    -83.000    -32.170    -68.021   -999.900   -999.900
    -85.000    -54.087    -54.331   -999.900   -999.900      0.244      0.000    -85.000    -85.000    -32.170    -68.021   -999.900   -999.900
    -87.000    -54.090    -54.333   -999.900   -999.900      0.243      0.000    -87.000    -87.000    -32.170    -68.021   -999.900   -999.900
    -89.000    -54.089    -54.329   -999.900   -999.900      0.240      0.000    -89.000    -89.000    -32.170    -68.021   -999.900   -999.900
    -91.000    -54.090    -54.335   -999.900   -999.900      0.245      0.000    -91.000    -91.000    -32.170    -68.021   -999.900   -999.900
