    -29.000    -47.599     -5.351   -999.900   -999.900    -42.248      0.000    -29.000    -29.000    -48.721     -5.351   -999.900   -999.900
    -31.000    -48.825     -5.206   -999.900   -999.900    -43.619      0.000    -31.000    -31.000    -50.386     -5.206   -999.900   -999.900
    -33.000    -50.300     -5.282   -999.900   -999.900    -45.018      0.000    -33.000    -33.000    -52.697     -5.282   -999.900   -999.900
    -35.000    -51.324     -5.628   -999.900   -999.900    -45.696      0.000    -35.000    -35.000    -54.667     -5.628   -999.900   -999.900
    -37.000    -52.118     -6.305   -999.900   -999.900    -45.813      0.000    -37.000    -37.000    -56.610     -6.305   -999.900   -999.900
    -39.000    -52.918     -7.440   -999.900   -999.900    -45.478      0.000    -39.000    -39.000    -59.395     -7.440   -999.900   -999.900
    -41.000    -53.323     -8.945   -999.900   -999.900    -44.378      0.000    -41.000    -41.000    -61.582     -8.945   -999.900   -999.900
    -43.000    -53.612    -10.675   -999.900   -999.900    -42.937      0.000    -43.000    -43.000    -64.032    -10.675   -999.900   -999.900
    -45.000    -53.770    -12.505   -999.900   -999.900    -41.265      0.000    -45.000    -45.000    -66.205    -12.505   -999.900   -999.900
    -47.000    -53.807    -14.392   -999.900   -999.900    -39.415      0.000    -47.000    -47.000    -66.903    -14.392   -999.900   -999.900
    -49.000    -53.837    -16.285   -999.900   -999.900    -37.552      0.000    -49.000    -49.000    -67.560    -16.285   -999.900   -999.900
    -51.000    -53.834    -18.260   -999.900   -999.900    -35.574      0.000    -51.000    -51.000    -67.490    -18.260   -999.900   -999.900
    -55.000    -53.765    -22.166   -999.900   -999.900    -31.599      0.000    -55.000    -55.000    -66.118    -22.166   -999.900   -999.900
    -57.000    -53.751    -24.169   -999.900   -999.900    -29.582      0.000    -57.000    -57.000    -65.883    -24.170   -999.900   -999.900
    -59.000    -53.725    -26.164   -999.900   -999.900    -27.561      0.000    -59.000    -59.000    -65.477    -26.165   -999.900   -999.900
    -61.000    -53.726    -28.142   -999.900   -999.900    -25.584      0.000    -61.000    -61.000    -65.492    -28.143   -999.900   -999.900
    -63.000    -53.722    -30.124   -999.900   -999.900    -23.598      0.000    -63.000    -63.000    -65.432    -30.126   -999.900   -999.900
    -65.000    -53.730    -32.039   -999.900   -999.900    -21.691      0.000    -65.000    -65.000    -65.552    -32.042   -999.900   -999.900
    -67.000    -53.710    -34.030   -999.900   -999.900    -19.680      0.000    -67.000    -67.000    -65.257    -34.035   -999.900   -999.900
    -71.000    -53.814    -38.069   -999.900   -999.900    -15.745      0.000    -71.000    -71.000    -67.048    -38.083   -999.900   -999.900
    -71.000    -53.791    -38.070   -999.900   -999.900    -15.721      0.000    -71.000    -71.000    -66.588    -38.084   -999.900   -999.900
    -73.000    -53.911    -40.096   -999.900   -999.900    -13.815      0.000    -73.000    -73.000    -69.766    -40.118   -999.900   -999.900
    -75.000    -54.026    -63.095   -999.900   -999.900      9.069      0.000    -75.000    -75.000    -69.766    -40.118   -999.900   -999.900
    -77.000    -54.024    -63.092   -999.900   -999.900      9.068      0.000    -77.000    -77.000    -69.766    -40.118   -999.900   -999.900
    -79.000    -54.027    -63.096   -999.900   -999.900      9.069      0.000    -79.000    -79.000    -69.766    -40.118   -999.900   -999.900
    -81.000    -54.024    -63.092   -999.900   -999.900      9.068      0.000    -81.000    -81.000    -69.766    -40.118   -999.900   -999.900
    -83.000    -54.025    -63.093   -999.900   -999.900      9.068      0.000    -83.000    -83.000    -69.766    -40.118   -999.900   -999.900
    -85.000    -54.030    -63.094   -999.900   -999.900      9.064      0.000    -85.000    -85.000    -69.766    -40.118   -999.900   -999.900
    -87.000    -54.024    -63.092   -999.900   -999.900      9.068      0.000    -87.000    -87.000    -69.766    -40.118   -999.900   -999.900
    -89.000    -54.027    -63.095   -999.900   -999.900      9.068      0.000    -89.000    -89.000    -69.766    -40.118   -999.900   -999.900
    -91.000    -54.023    -63.093   -999.900   -999.900      9.070      0.000    -91.000    -91.000    -69.766    -40.118   -999.900   -999.900
    -93.000    -54.024    -63.089   -999.900   -999.900      9.065      0.000    -93.000    -93.000    -69.766    -40.118   -999.900   -999.900
