    -34.800      9.233    -52.447   -999.900   -999.900     61.680      0.000    -34.800    -34.800      9.233    -56.933   -999.900   -999.900
    -39.800      7.505    -52.855   -999.900   -999.900     60.360      0.000    -39.800    -39.800      7.505    -58.193   -999.900   -999.900
    -44.800      3.591    -53.736   -999.900   -999.900     57.327      0.000    -44.800    -44.800      3.591    -62.483   -999.900   -999.900
    -49.800     -1.152    -54.090   -999.900   -999.900     52.938      0.000    -49.800    -49.800     -1.152    -66.320   -999.900   -999.900
    -54.800     -5.935    -54.296   -999.900   -999.900     48.361      0.000    -54.800    -54.800     -5.935    -72.781   -999.900   -999.900
    -59.800    -10.767    -54.327   -999.900   -999.900     43.560      0.000    -59.800    -59.800    -10.767    -75.807   -999.900   -999.900
    -64.800    -15.659    -54.310   -999.900   -999.900     38.651      0.000    -64.800    -64.800    -15.660    -73.899   -999.900   -999.900
    -69.800    -20.566    -54.252   -999.900   -999.900     33.686      0.000    -69.800    -69.800    -20.568    -70.430   -999.900   -999.900
    -74.800    -25.522    -54.249   -999.900   -999.900     28.727      0.000    -74.800    -74.800    -25.528    -70.307   -999.900   -999.900
    -79.800    -30.632    -54.252   -999.900   -999.900     23.620      0.000    -79.800    -79.800    -30.652    -70.430   -999.900   -999.900
    -84.800    -35.990    -54.255   -999.900   -999.900     18.265      0.000    -84.800    -84.800    -36.059    -70.556   -999.900   -999.900
    -89.800    -41.864    -54.287   -999.900   -999.900     12.423      0.000    -89.800    -89.800    -42.135    -72.188   -999.900   -999.900
    -94.800    -47.398    -54.339   -999.900   -999.900      6.941      0.000    -94.800    -94.800    -48.457    -77.939   -999.900   -999.900
    -99.800    -54.044    -54.358   -999.900   -999.900      0.314      0.000    -99.800    -99.800    -48.457    -77.939   -999.900   -999.900
   -104.800    -54.044    -54.364   -999.900   -999.900      0.320      0.000   -104.800   -104.800    -48.457    -77.939   -999.900   -999.900
   -109.800    -54.042    -54.358   -999.900   -999.900      0.316      0.000   -109.800   -109.800    -48.457    -77.939   -999.900   -999.900
   -114.800    -54.044    -54.361   -999.900   -999.900      0.317      0.000   -114.800   -114.800    -48.457    -77.939   -999.900   -999.900
   -119.800    -54.042    -54.359   -999.900   -999.900      0.317      0.000   -119.800   -119.800    -48.457    -77.939   -999.900   -999.900
   -124.800    -54.050    -54.358   -999.900   -999.900      0.308      0.000   -124.800   -124.800    -48.457    -77.939   -999.900   -999.900
   -129.800    -54.043    -54.356   -999.900   -999.900      0.313      0.000   -129.800   -129.800    -48.457    -77.939   -999.900   -999.900
   -134.800    -54.043    -54.360   -999.900   -999.900      0.317      0.000   -134.800   -134.800    -48.457    -77.939   -999.900   -999.900
   -139.800    -54.042    -54.354   -999.900   -999.900      0.312      0.000   -139.800   -139.800    -48.457    -77.939   -999.900   -999.900
