    -34.650      5.476      5.399   -999.900   -999.900      0.077      0.000    -34.650    -34.650      5.476      5.399   -999.900   -999.900
    -39.650      0.936      0.818   -999.900   -999.900      0.118      0.000    -39.650    -39.650      0.936      0.818   -999.900   -999.900
    -44.650     -3.941     -4.062   -999.900   -999.900      0.121      0.000    -44.650    -44.650     -3.941     -4.062   -999.900   -999.900
    -49.650     -8.688     -9.003   -999.900   -999.900      0.315      0.000    -49.650    -49.650     -8.688     -9.003   -999.900   -999.900
    -54.650    -13.643    -13.909   -999.900   -999.900      0.266      0.000    -54.650    -54.650    -13.643    -13.909   -999.900   -999.900
    -59.650    -18.490    -18.556   -999.900   -999.900      0.066      0.000    -59.650    -59.650    -18.490    -18.556   -999.900   -999.900
    -64.650    -23.235    -23.150   -999.900   -999.900     -0.085      0.000    -64.650    -64.650    -23.236    -23.151   -999.900   -999.900
    -69.650    -28.137    -28.083   -999.900   -999.900     -0.054      0.000    -69.650    -69.650    -28.140    -28.085   -999.900   -999.900
    -74.650    -33.070    -33.207   -999.900   -999.900      0.137      0.000    -74.650    -74.650    -33.079    -33.214   -999.900   -999.900
    -80.700    -39.455    -39.923   -999.900   -999.900      0.468      0.000    -80.700    -80.700    -39.493    -39.955   -999.900   -999.900
    -85.700    -44.195    -44.678   -999.900   -999.900      0.483      0.000    -85.700    -85.700    -44.308    -44.775   -999.900   -999.900
    -90.700    -48.740    -49.003   -999.900   -999.900      0.263      0.000    -90.700    -90.700    -49.071    -49.272   -999.900   -999.900
    -95.700    -53.002    -53.027   -999.900   -999.900      0.025      0.000    -95.700    -95.700    -53.949    -53.741   -999.900   -999.900
   -100.700    -56.373    -56.859   -999.900   -999.900      0.486      0.000   -100.700   -100.700    -58.782    -58.842   -999.900   -999.900
   -105.700    -58.616    -59.140   -999.900   -999.900      0.524      0.000   -105.700   -105.700    -64.047    -63.339   -999.900   -999.900
   -110.700    -59.675    -60.154   -999.900   -999.900      0.479      0.000   -110.700   -110.700    -70.166    -66.783   -999.900   -999.900
   -115.700    -60.027    -60.880   -999.900   -999.900      0.853      0.000   -115.700   -115.700    -79.085    -72.135   -999.900   -999.900
   -115.700    -60.030    -60.981   -999.900   -999.900      0.951      0.000   -115.700   -115.700    -79.333    -73.726   -999.900   -999.900
   -120.700    -60.082    -61.410   -999.900   -999.900      1.328      0.000   -120.700   -120.700    -79.333    -73.726   -999.900   -999.900
   -125.700    -60.100    -61.420   -999.900   -999.900      1.320      0.000   -125.700   -125.700    -79.333    -73.726   -999.900   -999.900
   -130.700    -60.169    -61.434   -999.900   -999.900      1.265      0.000   -130.700   -130.700    -79.333    -73.726   -999.900   -999.900
