    -25.200      8.118    -62.219   -999.900   -999.900     70.337      0.000    -25.200    -25.200      8.118    -64.147   -999.900   -999.900
    -30.200      4.725    -64.800   -999.900   -999.900     69.525      0.000    -30.200    -30.200      4.725    -69.352   -999.900   -999.900
    -35.200      0.165    -66.010   -999.900   -999.900     66.175      0.000    -35.200    -35.200      0.165    -74.490   -999.900   -999.900
    -40.200     -4.665    -66.486   -999.900   -999.900     61.821      0.000    -40.200    -40.200     -4.665    -80.201   -999.900   -999.900
    -45.200     -9.512    -66.622   -999.900   -999.900     57.110      0.000    -45.200    -45.200     -9.512    -85.811   -999.900   -999.900
    -50.200    -14.270    -66.650   -999.900   -999.900     52.380      0.000    -50.200    -50.200    -14.270    -89.119   -999.900   -999.900
    -55.200    -19.138    -66.667   -999.900   -999.900     47.529      0.000    -55.200    -55.200    -19.138    -94.203   -999.900   -999.900
    -60.200    -23.992    -66.658   -999.900   -999.900     42.666      0.000    -60.200    -60.200    -23.992    -90.826   -999.900   -999.900
    -65.200    -28.828    -66.655   -999.900   -999.900     37.827      0.000    -65.200    -65.200    -28.829    -90.105   -999.900   -999.900
    -71.150    -35.035    -66.598   -999.900   -999.900     31.563      0.000    -71.150    -71.150    -35.039    -84.168   -999.900   -999.900
    -76.150    -39.850    -66.608   -999.900   -999.900     26.758      0.000    -76.150    -76.150    -39.861    -84.780   -999.900   -999.900
    -81.150    -44.511    -66.611   -999.900   -999.900     22.100      0.000    -81.150    -81.150    -44.543    -84.982   -999.900   -999.900
    -86.150    -48.979    -66.612   -999.900   -999.900     17.633      0.000    -86.150    -86.150    -49.069    -85.051   -999.900   -999.900
    -91.150    -53.315    -66.615   -999.900   -999.900     13.300      0.000    -91.150    -91.150    -53.564    -85.265   -999.900   -999.900
    -96.150    -57.004    -66.619   -999.900   -999.900      9.615      0.000    -96.150    -96.150    -57.611    -85.569   -999.900   -999.900
   -101.150    -59.872    -66.616   -999.900   -999.900      6.744      0.000   -101.150   -101.150    -61.136    -85.339   -999.900   -999.900
   -106.150    -61.402    -66.605   -999.900   -999.900      5.203      0.000   -106.150   -106.150    -63.335    -84.587   -999.900   -999.900
   -111.150    -65.844    -66.676   -999.900   -999.900      0.832      0.000   -111.150   -111.150    -96.582    -84.587   -999.900   -999.900
   -111.150    -65.853    -66.672   -999.900   -999.900      0.819      0.000   -111.150   -111.150    -96.582    -84.587   -999.900   -999.900
   -116.150    -65.845    -66.677   -999.900   -999.900      0.832      0.000   -116.150   -116.150    -96.582    -84.587   -999.900   -999.900
   -121.150    -65.851    -66.672   -999.900   -999.900      0.821      0.000   -121.150   -121.150    -96.582    -84.587   -999.900   -999.900
   -126.150    -65.847    -66.675   -999.900   -999.900      0.828      0.000   -126.150   -126.150    -96.582    -84.587   -999.900   -999.900
