    -38.620      4.426    -60.481   -999.900   -999.900     64.907      0.000    -38.620    -38.620      4.426      0.000   -999.900   -999.900
    -43.620     -0.208    -60.495   -999.900   -999.900     60.287      0.000    -43.620    -43.620     -0.208      0.000   -999.900   -999.900
    -48.620     -4.967    -60.376   -999.900   -999.900     55.410      0.000    -48.620    -48.620     -4.967      0.000   -999.900   -999.900
    -53.620     -9.791    -60.193   -999.900   -999.900     50.402      0.000    -53.620    -53.620     -9.791      0.000   -999.900   -999.900
    -58.620    -14.674    -60.035   -999.900   -999.900     45.361      0.000    -58.620    -58.620    -14.674      0.000   -999.900   -999.900
    -63.620    -19.536    -59.934   -999.900   -999.900     40.398      0.000    -63.620    -63.620    -19.537      0.000   -999.900   -999.900
    -68.620    -24.482    -59.806   -999.900   -999.900     35.324      0.000    -68.620    -68.620    -24.483      0.000   -999.900   -999.900
    -73.620    -29.288    -59.725   -999.900   -999.900     30.437      0.000    -73.620    -73.620    -29.292      0.000   -999.900   -999.900
    -78.620    -34.085    -59.704   -999.900   -999.900     25.619      0.000    -78.620    -78.620    -34.096      0.000   -999.900   -999.900
    -84.460    -40.424    -60.708   -999.900   -999.900     20.285      0.000    -84.460    -84.460    -40.470      0.000   -999.900   -999.900
    -89.460    -45.204    -60.516   -999.900   -999.900     15.312      0.000    -89.460    -89.460    -45.344      0.000   -999.900   -999.900
    -94.460    -49.999    -60.380   -999.900   -999.900     10.381      0.000    -94.460    -94.460    -50.437      0.000   -999.900   -999.900
    -99.460    -54.369    -60.227   -999.900   -999.900      5.857      0.000    -99.460    -99.460    -55.692      0.000   -999.900   -999.900
   -104.460    -57.781    -60.129   -999.900   -999.900      2.348      0.000   -104.460   -104.460    -61.505      0.000   -999.900   -999.900
   -109.460    -59.550    -60.018   -999.900   -999.900      0.469      0.000   -109.460   -109.460    -68.255      0.000   -999.900   -999.900
   -114.460    -60.189    -59.961   -999.900   -999.900     -0.228      0.000   -114.460   -114.460    -68.255      0.000   -999.900   -999.900
   -119.460    -60.207    -59.851   -999.900   -999.900     -0.355      0.000   -119.460   -119.460    -68.255      0.000   -999.900   -999.900
   -119.460    -60.186    -59.841   -999.900   -999.900     -0.345      0.000   -119.460   -119.460    -68.255      0.000   -999.900   -999.900
   -124.460    -60.162    -59.816   -999.900   -999.900     -0.346      0.000   -124.460   -124.460    -68.255      0.000   -999.900   -999.900
   -129.460    -60.170    -59.797   -999.900   -999.900     -0.373      0.000   -129.460   -129.460    -68.255      0.000   -999.900   -999.900
   -134.460    -60.166    -59.768   -999.900   -999.900     -0.398      0.000   -134.460   -134.460    -68.255      0.000   -999.900   -999.900
