    -35.730     -1.618    -69.763   -999.900   -999.900     68.144      0.000    -35.730    -35.730     -1.619    -85.525   -999.900   -999.900
    -40.730     -6.414    -69.845   -999.900   -999.900     63.432      0.000    -40.730    -40.730     -6.414    -90.941   -999.900   -999.900
    -45.730    -11.297    -69.872   -999.900   -999.900     58.575      0.000    -45.730    -45.730    -11.297    -97.418   -999.900   -999.900
    -50.730    -16.200    -69.878   -999.900   -999.900     53.678      0.000    -50.730    -50.730    -16.200   -106.400   -999.900   -999.900
    -55.730    -21.015    -69.881   -999.900   -999.900     48.867      0.000    -55.730    -55.730    -21.015   -106.400   -999.900   -999.900
    -60.730    -25.829    -69.883   -999.900   -999.900     44.054      0.000    -60.730    -60.730    -25.830   -106.400   -999.900   -999.900
    -65.730    -30.708    -69.883   -999.900   -999.900     39.175      0.000    -65.730    -65.730    -30.710   -106.400   -999.900   -999.900
    -70.730    -35.538    -69.880   -999.900   -999.900     34.342      0.000    -70.730    -70.730    -35.542   -106.400   -999.900   -999.900
    -75.730    -40.419    -69.882   -999.900   -999.900     29.464      0.000    -75.730    -75.730    -40.431   -106.400   -999.900   -999.900
    -81.680    -46.936    -69.886   -999.900   -999.900     22.949      0.000    -81.680    -81.680    -46.994   -106.400   -999.900   -999.900
    -86.680    -51.911    -69.882   -999.900   -999.900     17.971      0.000    -86.680    -86.680    -52.094   -106.400   -999.900   -999.900
    -91.680    -56.714    -69.882   -999.900   -999.900     13.168      0.000    -91.680    -91.680    -57.292   -106.400   -999.900   -999.900
    -96.680    -61.110    -69.882   -999.900   -999.900      8.773      0.000    -96.680    -96.680    -62.933   -106.400   -999.900   -999.900
   -101.680    -64.240    -69.881   -999.900   -999.900      5.641      0.000   -101.680   -101.680    -69.544   -106.400   -999.900   -999.900
   -106.680    -65.610    -69.879   -999.900   -999.900      4.269      0.000   -106.680   -106.680    -80.385   -106.400   -999.900   -999.900
   -111.680    -65.960    -69.878   -999.900   -999.900      3.919      0.000   -111.680   -111.680    -80.385   -106.400   -999.900   -999.900
   -116.680    -65.920    -69.878   -999.900   -999.900      3.958      0.000   -116.680   -116.680    -80.385   -106.400   -999.900   -999.900
   -121.680    -65.423    -69.876   -999.900   -999.900      4.454      0.000   -121.680   -121.680    -80.385   -106.400   -999.900   -999.900
   -121.680    -65.529    -69.881   -999.900   -999.900      4.352      0.000   -121.680   -121.680    -80.385   -106.400   -999.900   -999.900
   -126.680    -65.414    -69.882   -999.900   -999.900      4.468      0.000   -126.680   -126.680    -80.385   -106.400   -999.900   -999.900
   -131.680    -65.920    -69.879   -999.900   -999.900      3.960      0.000   -131.680   -131.680    -80.385   -106.400   -999.900   -999.900
   -136.680    -66.429    -69.879   -999.900   -999.900      3.451      0.000   -136.680   -136.680    -80.385   -106.400   -999.900   -999.900
