    -38.620      4.450    -60.851   -999.900   -999.900     65.302      0.000    -38.620    -38.620      4.450      0.000   -999.900   -999.900
    -43.620     -0.089    -60.952   -999.900   -999.900     60.863      0.000    -43.620    -43.620     -0.089      0.000   -999.900   -999.900
    -48.620     -4.992    -60.805   -999.900   -999.900     55.813      0.000    -48.620    -48.620     -4.992      0.000   -999.900   -999.900
    -53.620     -9.962    -60.617   -999.900   -999.900     50.655      0.000    -53.620    -53.620     -9.962      0.000   -999.900   -999.900
    -58.620    -14.806    -60.458   -999.900   -999.900     45.652      0.000    -58.620    -58.620    -14.806      0.000   -999.900   -999.900
    -63.620    -19.569    -60.293   -999.900   -999.900     40.724      0.000    -63.620    -63.620    -19.569      0.000   -999.900   -999.900
    -68.620    -24.275    -60.179   -999.900   -999.900     35.904      0.000    -68.620    -68.620    -24.276      0.000   -999.900   -999.900
    -73.620    -29.170    -60.077   -999.900   -999.900     30.907      0.000    -73.620    -73.620    -29.174      0.000   -999.900   -999.900
    -78.620    -34.223    -59.988   -999.900   -999.900     25.765      0.000    -78.620    -78.620    -34.234      0.000   -999.900   -999.900
    -83.970    -40.381    -61.178   -999.900   -999.900     20.797      0.000    -83.970    -83.970    -40.426      0.000   -999.900   -999.900
    -88.970    -45.204    -61.034   -999.900   -999.900     15.831      0.000    -88.970    -88.970    -45.344      0.000   -999.900   -999.900
    -93.970    -50.003    -60.879   -999.900   -999.900     10.876      0.000    -93.970    -93.970    -50.441      0.000   -999.900   -999.900
    -98.970    -54.294    -60.640   -999.900   -999.900      6.347      0.000    -98.970    -98.970    -55.587      0.000   -999.900   -999.900
   -103.970    -57.486    -60.510   -999.900   -999.900      3.024      0.000   -103.970   -103.970    -60.834      0.000   -999.900   -999.900
   -108.970    -59.271    -60.350   -999.900   -999.900      1.079      0.000   -108.970   -108.970    -66.495      0.000   -999.900   -999.900
   -113.970    -59.941    -60.220   -999.900   -999.900      0.279      0.000   -113.970   -113.970    -72.578      0.000   -999.900   -999.900
   -118.970    -60.110    -60.096   -999.900   -999.900     -0.014      0.000   -118.970   -118.970    -77.820      0.000   -999.900   -999.900
   -118.970    -60.149    -60.056   -999.900   -999.900     -0.093      0.000   -118.970   -118.970    -81.059      0.000   -999.900   -999.900
   -123.970    -60.211    -60.036   -999.900   -999.900     -0.175      0.000   -123.970   -123.970    -81.059      0.000   -999.900   -999.900
   -128.970    -60.222    -59.996   -999.900   -999.900     -0.226      0.000   -128.970   -128.970    -81.059      0.000   -999.900   -999.900
   -133.970    -60.230    -59.965   -999.900   -999.900     -0.265      0.000   -133.970   -133.970    -81.059      0.000   -999.900   -999.900
