    -26.500      8.247    -55.213   -999.900   -999.900     63.460      0.000    -26.500    -26.500      8.247    -55.550   -999.900   -999.900
    -28.500      6.937    -56.998   -999.900   -999.900     63.935      0.000    -28.500    -28.500      6.937    -57.517   -999.900   -999.900
    -30.500      5.326    -58.688   -999.900   -999.900     64.013      0.000    -30.500    -30.500      5.326    -59.476   -999.900   -999.900
    -32.500      3.571    -60.260   -999.900   -999.900     63.832      0.000    -32.500    -32.500      3.571    -61.443   -999.900   -999.900
    -34.500      1.742    -61.699   -999.900   -999.900     63.441      0.000    -34.500    -34.500      1.742    -63.451   -999.900   -999.900
    -37.500     -1.090    -63.403   -999.900   -999.900     62.313      0.000    -37.500    -37.500     -1.090    -66.341   -999.900   -999.900
    -42.500     -5.795    -65.203   -999.900   -999.900     59.408      0.000    -42.500    -42.500     -5.795    -71.119   -999.900   -999.900
    -47.500    -10.781    -66.018   -999.900   -999.900     55.238      0.000    -47.500    -47.500    -10.781    -75.916   -999.900   -999.900
    -52.500    -15.769    -66.320   -999.900   -999.900     50.551      0.000    -52.500    -52.500    -15.769    -80.557   -999.900   -999.900
    -57.500    -20.740    -66.417   -999.900   -999.900     45.678      0.000    -57.500    -57.500    -20.740    -84.382   -999.900   -999.900
    -62.500    -25.701    -66.452   -999.900   -999.900     40.751      0.000    -62.500    -62.500    -25.702    -87.436   -999.900   -999.900
    -67.500    -30.688    -66.460   -999.900   -999.900     35.772      0.000    -67.500    -67.500    -30.690    -88.489   -999.900   -999.900
    -72.500    -35.680    -66.457   -999.900   -999.900     30.778      0.000    -72.500    -72.500    -35.685    -88.069   -999.900   -999.900
    -77.500    -40.624    -66.459   -999.900   -999.900     25.835      0.000    -77.500    -77.500    -40.640    -88.349   -999.900   -999.900
    -82.500    -45.568    -66.473   -999.900   -999.900     20.905      0.000    -82.500    -82.500    -45.617    -91.418   -999.900   -999.900
    -87.500    -50.145    -66.467   -999.900   -999.900     16.322      0.000    -87.500    -87.500    -50.286    -89.752   -999.900   -999.900
    -92.500    -54.419    -66.479   -999.900   -999.900     12.060      0.000    -92.500    -92.500    -54.809    -93.600   -999.900   -999.900
    -96.500    -57.544    -66.468   -999.900   -999.900      8.923      0.000    -96.500    -96.500    -58.387    -89.971   -999.900   -999.900
   -100.500    -60.183    -66.474   -999.900   -999.900      6.291      0.000   -100.500   -100.500    -61.882    -91.566   -999.900   -999.900
   -102.500    -61.218    -66.471   -999.900   -999.900      5.253      0.000   -102.500   -102.500    -63.517    -90.828   -999.900   -999.900
   -104.500    -62.040    -66.475   -999.900   -999.900      4.435      0.000   -104.500   -104.500    -65.021    -92.053   -999.900   -999.900
   -106.500    -62.758    -66.483   -999.900   -999.900      3.725      0.000   -106.500   -106.500    -66.588    -97.092   -999.900   -999.900
   -109.500    -63.492    -66.474   -999.900   -999.900      2.983      0.000   -109.500   -109.500    -68.630    -91.777   -999.900   -999.900
   -112.500    -64.036    -66.489   -999.900   -999.900      2.453      0.000   -112.500   -112.500    -70.740    -91.777   -999.900   -999.900
   -117.500    -64.680    -66.474   -999.900   -999.900      1.794      0.000   -117.500   -117.500    -75.233    -91.777   -999.900   -999.900
   -122.500    -64.937    -66.469   -999.900   -999.900      1.533      0.000   -122.500   -122.500    -79.837    -91.777   -999.900   -999.900
   -127.500    -65.068    -66.466   -999.900   -999.900      1.398      0.000   -127.500   -127.500    -90.710    -91.777   -999.900   -999.900
   -132.500    -65.094    -66.471   -999.900   -999.900      1.378      0.000   -132.500   -132.500    -90.710    -91.777   -999.900   -999.900
   -137.500    -65.116    -66.471   -999.900   -999.900      1.354      0.000   -137.500   -137.500    -90.710    -91.777   -999.900   -999.900
   -142.500    -65.142    -66.461   -999.900   -999.900      1.319      0.000   -142.500   -142.500    -90.710    -91.777   -999.900   -999.900
   -147.500    -65.176    -66.506   -999.900   -999.900      1.331      0.000   -147.500   -147.500    -90.710    -91.777   -999.900   -999.900
   -147.500    -65.176    -66.510   -999.900   -999.900      1.334      0.000   -147.500   -147.500    -90.710    -91.777   -999.900   -999.900
   -152.500    -65.174    -66.509   -999.900   -999.900      1.335      0.000   -152.500   -152.500    -90.710    -91.777   -999.900   -999.900
   -157.500    -65.176    -66.512   -999.900   -999.900      1.336      0.000   -157.500   -157.500    -90.710    -91.777   -999.900   -999.900
   -162.500    -65.167    -66.511   -999.900   -999.900      1.344      0.000   -162.500   -162.500    -90.710    -91.777   -999.900   -999.900
