    -35.670      4.522    -58.912   -999.900   -999.900     63.434      0.000    -35.670    -35.670      4.522    -66.935   -999.900   -999.900
    -40.670     -0.093    -59.494   -999.900   -999.900     59.400      0.000    -40.670    -40.670     -0.093    -73.810   -999.900   -999.900
    -45.670     -4.895    -59.907   -999.900   -999.900     55.012      0.000    -45.670    -45.670     -4.895    -73.810   -999.900   -999.900
    -50.670     -9.663    -60.211   -999.900   -999.900     50.548      0.000    -50.670    -50.670     -9.663    -73.810   -999.900   -999.900
    -55.670    -14.429    -60.450   -999.900   -999.900     46.022      0.000    -55.670    -55.670    -14.429    -73.810   -999.900   -999.900
    -60.670    -19.343    -60.786   -999.900   -999.900     41.443      0.000    -60.670    -60.670    -19.343    -73.810   -999.900   -999.900
    -65.670    -24.289    -60.947   -999.900   -999.900     36.658      0.000    -65.670    -65.670    -24.290    -73.810   -999.900   -999.900
    -70.670    -29.287    -61.066   -999.900   -999.900     31.779      0.000    -70.670    -70.670    -29.291    -73.810   -999.900   -999.900
    -75.670    -34.230    -61.124   -999.900   -999.900     26.895      0.000    -75.670    -75.670    -34.241    -73.810   -999.900   -999.900
    -82.520    -40.321    -59.469   -999.900   -999.900     19.148      0.000    -82.520    -82.520    -40.367    -73.810   -999.900   -999.900
    -87.520    -44.897    -59.583   -999.900   -999.900     14.687      0.000    -87.520    -87.520    -45.031    -73.810   -999.900   -999.900
    -92.520    -49.417    -59.594   -999.900   -999.900     10.177      0.000    -92.520    -92.520    -49.808    -73.810   -999.900   -999.900
    -97.520    -53.485    -59.527   -999.900   -999.900      6.042      0.000    -97.520    -97.520    -54.560    -73.810   -999.900   -999.900
   -102.520    -56.720    -59.455   -999.900   -999.900      2.735      0.000   -102.520   -102.520    -59.413    -73.810   -999.900   -999.900
   -107.520    -58.810    -59.377   -999.900   -999.900      0.567      0.000   -107.520   -107.520    -64.792    -73.810   -999.900   -999.900
   -112.520    -59.749    -59.314   -999.900   -999.900     -0.436      0.000   -112.520   -112.520    -71.190    -73.810   -999.900   -999.900
   -117.520    -60.030    -59.432   -999.900   -999.900     -0.598      0.000   -117.520   -117.520    -80.089    -73.810   -999.900   -999.900
   -122.520    -60.126    -59.577   -999.900   -999.900     -0.549      0.000   -122.520   -122.520    -80.089    -73.810   -999.900   -999.900
   -122.520    -60.098    -59.643   -999.900   -999.900     -0.455      0.000   -122.520   -122.520    -80.089    -73.810   -999.900   -999.900
   -127.520    -60.070    -59.704   -999.900   -999.900     -0.367      0.000   -127.520   -127.520    -80.089    -73.810   -999.900   -999.900
   -132.520    -60.065    -59.766   -999.900   -999.900     -0.300      0.000   -132.520   -132.520    -80.089    -73.810   -999.900   -999.900
   -137.520    -60.049    -59.836   -999.900   -999.900     -0.214      0.000   -137.520   -137.520    -80.089    -73.810   -999.900   -999.900
