    -56.520    -21.108    -66.393   -999.900   -999.900     45.285      0.000    -56.520    -56.520    -21.108    -83.328   -999.900   -999.900
    -61.520    -26.081    -66.431   -999.900   -999.900     40.351      0.000    -61.520    -61.520    -26.081    -85.772   -999.900   -999.900
    -66.520    -31.048    -66.419   -999.900   -999.900     35.371      0.000    -66.520    -66.520    -31.050    -84.819   -999.900   -999.900
    -71.520    -35.977    -66.421   -999.900   -999.900     30.444      0.000    -71.520    -71.520    -35.982    -84.919   -999.900   -999.900
    -76.520    -40.933    -66.418   -999.900   -999.900     25.484      0.000    -76.520    -76.520    -40.950    -84.714   -999.900   -999.900
    -81.520    -45.924    -66.410   -999.900   -999.900     20.486      0.000    -81.520    -81.520    -45.979    -84.241   -999.900   -999.900
    -86.520    -50.425    -66.447   -999.900   -999.900     16.022      0.000    -86.520    -86.520    -50.581    -87.300   -999.900   -999.900
    -91.520    -54.543    -66.415   -999.900   -999.900     11.872      0.000    -91.520    -91.520    -54.959    -84.564   -999.900   -999.900
    -96.520    -58.200    -66.415   -999.900   -999.900      8.215      0.000    -96.520    -96.520    -59.235    -84.569   -999.900   -999.900
   -101.520    -60.841    -66.468   -999.900   -999.900      5.627      0.000   -101.520   -101.520    -62.983    -91.363   -999.900   -999.900
   -106.520    -62.654    -66.292   -999.900   -999.900      3.637      0.000   -106.520   -106.520    -66.536    -79.959   -999.900   -999.900
   -111.520    -63.591    -66.391   -999.900   -999.900      2.800      0.000   -111.520   -111.520    -69.328    -83.203   -999.900   -999.900
   -116.520    -64.226    -66.390   -999.900   -999.900      2.164      0.000   -116.520   -116.520    -72.427    -83.147   -999.900   -999.900
   -121.520    -65.095    -66.502   -999.900   -999.900      1.406      0.000   -121.520   -121.520    -72.427    -83.147   -999.900   -999.900
   -121.520    -65.098    -66.501   -999.900   -999.900      1.402      0.000   -121.520   -121.520    -72.427    -83.147   -999.900   -999.900
   -126.520    -65.097    -66.498   -999.900   -999.900      1.401      0.000   -126.520   -126.520    -72.427    -83.147   -999.900   -999.900
   -131.520    -65.096    -66.501   -999.900   -999.900      1.405      0.000   -131.520   -131.520    -72.427    -83.147   -999.900   -999.900
   -136.520    -65.094    -66.503   -999.900   -999.900      1.409      0.000   -136.520   -136.520    -72.427    -83.147   -999.900   -999.900
