    -36.030      8.215    -56.047   -999.900   -999.900     64.262      0.000    -36.030    -36.030      8.215    -56.490   -999.900   -999.900
    -38.030      6.906    -57.975   -999.900   -999.900     64.881      0.000    -38.030    -38.030      6.906    -58.687   -999.900   -999.900
    -40.030      5.277    -59.769   -999.900   -999.900     65.046      0.000    -40.030    -40.030      5.277    -60.895   -999.900   -999.900
    -42.030      3.455    -61.504   -999.900   -999.900     64.959      0.000    -42.030    -42.030      3.455    -63.312   -999.900   -999.900
    -44.030      1.561    -62.935   -999.900   -999.900     64.496      0.000    -44.030    -44.030      1.561    -65.721   -999.900   -999.900
    -47.030     -1.339    -64.517   -999.900   -999.900     63.178      0.000    -47.030    -47.030     -1.339    -69.487   -999.900   -999.900
    -52.030     -6.276    -65.939   -999.900   -999.900     59.663      0.000    -52.030    -52.030     -6.276    -78.588   -999.900   -999.900
    -57.030    -11.247    -66.298   -999.900   -999.900     55.051      0.000    -57.030    -57.030    -11.247    -78.588   -999.900   -999.900
    -62.030    -16.197    -66.355   -999.900   -999.900     50.158      0.000    -62.030    -62.030    -16.197    -78.588   -999.900   -999.900
    -67.030    -21.168    -66.309   -999.900   -999.900     45.141      0.000    -67.030    -67.030    -21.168    -78.588   -999.900   -999.900
    -72.030    -26.076    -66.288   -999.900   -999.900     40.212      0.000    -72.030    -72.030    -26.077    -78.588   -999.900   -999.900
    -77.030    -31.060    -66.244   -999.900   -999.900     35.184      0.000    -77.030    -77.030    -31.062    -78.588   -999.900   -999.900
    -82.030    -35.897    -66.236   -999.900   -999.900     30.339      0.000    -82.030    -82.030    -35.904    -78.588   -999.900   -999.900
    -87.030    -40.815    -66.223   -999.900   -999.900     25.408      0.000    -87.030    -87.030    -40.837    -78.588   -999.900   -999.900
    -92.030    -45.558    -66.208   -999.900   -999.900     20.650      0.000    -92.030    -92.030    -45.623    -78.588   -999.900   -999.900
    -97.030    -50.204    -66.216   -999.900   -999.900     16.012      0.000    -97.030    -97.030    -50.398    -78.588   -999.900   -999.900
   -102.030    -54.456    -66.208   -999.900   -999.900     11.752      0.000   -102.030   -102.030    -54.992    -78.588   -999.900   -999.900
   -106.030    -57.517    -66.229   -999.900   -999.900      8.712      0.000   -106.030   -106.030    -58.680    -78.588   -999.900   -999.900
   -110.030    -59.849    -66.201   -999.900   -999.900      6.352      0.000   -110.030   -110.030    -62.081    -78.588   -999.900   -999.900
   -112.030    -60.881    -66.215   -999.900   -999.900      5.334      0.000   -112.030   -112.030    -63.977    -78.588   -999.900   -999.900
   -114.030    -61.634    -66.209   -999.900   -999.900      4.575      0.000   -114.030   -114.030    -65.682    -78.588   -999.900   -999.900
   -116.030    -62.316    -66.170   -999.900   -999.900      3.854      0.000   -116.030   -116.030    -67.682    -78.588   -999.900   -999.900
   -119.030    -62.991    -66.172   -999.900   -999.900      3.181      0.000   -119.030   -119.030    -70.651    -78.588   -999.900   -999.900
   -122.030    -63.465    -66.186   -999.900   -999.900      2.721      0.000   -122.030   -122.030    -74.665    -78.588   -999.900   -999.900
   -127.030    -63.989    -66.174   -999.900   -999.900      2.185      0.000   -127.030   -127.030    -74.665    -78.588   -999.900   -999.900
   -132.030    -64.180    -66.130   -999.900   -999.900      1.950      0.000   -132.030   -132.030    -74.665    -78.588   -999.900   -999.900
   -132.030    -64.157    -66.138   -999.900   -999.900      1.981      0.000   -132.030   -132.030    -74.665    -78.588   -999.900   -999.900
   -137.030    -64.167    -65.999   -999.900   -999.900      1.832      0.000   -137.030   -137.030    -74.665    -78.588   -999.900   -999.900
   -142.030    -64.698    -66.242   -999.900   -999.900      1.544      0.000   -142.030   -142.030    -74.665    -78.588   -999.900   -999.900
   -147.030    -64.963    -66.436   -999.900   -999.900      1.473      0.000   -147.030   -147.030    -74.665    -78.588   -999.900   -999.900
