    -35.670    -60.409    -15.869   -999.900   -999.900    -44.540      0.000    -35.670    -35.670      0.000    -15.869   -999.900   -999.900
    -40.670    -60.125    -20.838   -999.900   -999.900    -39.287      0.000    -40.670    -40.670      0.000    -20.838   -999.900   -999.900
    -45.670    -59.970    -25.898   -999.900   -999.900    -34.072      0.000    -45.670    -45.670      0.000    -25.900   -999.900   -999.900
    -50.670    -59.768    -31.050   -999.900   -999.900    -28.717      0.000    -50.670    -50.670      0.000    -31.055   -999.900   -999.900
    -55.670    -59.590    -36.155   -999.900   -999.900    -23.435      0.000    -55.670    -55.670      0.000    -36.170   -999.900   -999.900
    -60.670    -59.471    -41.024   -999.900   -999.900    -18.447      0.000    -60.670    -60.670      0.000    -41.072   -999.900   -999.900
    -65.670    -59.420    -45.698   -999.900   -999.900    -13.722      0.000    -65.670    -65.670      0.000    -45.841   -999.900   -999.900
    -70.670    -59.343    -50.240   -999.900   -999.900     -9.103      0.000    -70.670    -70.670      0.000    -50.660   -999.900   -999.900
    -75.670    -59.264    -54.393   -999.900   -999.900     -4.872      0.000    -75.670    -75.670      0.000    -55.583   -999.900   -999.900
    -82.520    -59.166    -57.686   -999.900   -999.900     -1.480      0.000    -82.520    -82.520      0.000    -60.798   -999.900   -999.900
    -87.520    -59.065    -59.623   -999.900   -999.900      0.558      0.000    -87.520    -87.520      0.000    -66.596   -999.900   -999.900
    -92.520    -58.992    -60.433   -999.900   -999.900      1.442      0.000    -92.520    -92.520      0.000    -74.777   -999.900   -999.900
    -97.520    -58.921    -60.660   -999.900   -999.900      1.739      0.000    -97.520    -97.520      0.000    -74.777   -999.900   -999.900
   -102.520    -58.891    -60.628   -999.900   -999.900      1.737      0.000   -102.520   -102.520      0.000    -74.777   -999.900   -999.900
   -107.520    -58.864    -60.600   -999.900   -999.900      1.735      0.000   -107.520   -107.520      0.000    -74.777   -999.900   -999.900
   -112.520    -58.840    -60.580   -999.900   -999.900      1.740      0.000   -112.520   -112.520      0.000    -74.777   -999.900   -999.900
   -117.520    -58.818    -60.581   -999.900   -999.900      1.763      0.000   -117.520   -117.520      0.000    -74.777   -999.900   -999.900
   -122.520    -58.792    -60.586   -999.900   -999.900      1.793      0.000   -122.520   -122.520      0.000    -74.777   -999.900   -999.900
   -122.520    -58.775    -60.587   -999.900   -999.900      1.812      0.000   -122.520   -122.520      0.000    -74.777   -999.900   -999.900
   -127.520    -58.751    -60.589   -999.900   -999.900      1.838      0.000   -127.520   -127.520      0.000    -74.777   -999.900   -999.900
   -132.520    -58.735    -60.616   -999.900   -999.900      1.881      0.000   -132.520   -132.520      0.000    -74.777   -999.900   -999.900
   -137.520    -58.720    -60.618   -999.900   -999.900      1.899      0.000   -137.520   -137.520      0.000    -74.777   -999.900   -999.900
