    -32.030      9.454    -50.748   -999.900   -999.900     60.201      0.000    -32.030    -32.030      9.454    -50.886   -999.900   -999.900
    -33.030      9.259    -52.228   -999.900   -999.900     61.488      0.000    -33.030    -33.030      9.259    -52.424   -999.900   -999.900
    -34.030      8.993    -52.873   -999.900   -999.900     61.866      0.000    -34.030    -34.030      8.993    -53.101   -999.900   -999.900
    -35.030      8.649    -54.090   -999.900   -999.900     62.739      0.000    -35.030    -35.030      8.649    -54.394   -999.900   -999.900
    -36.030      8.198    -54.974   -999.900   -999.900     63.172      0.000    -36.030    -36.030      8.198    -55.350   -999.900   -999.900
    -37.030      7.586    -55.911   -999.900   -999.900     63.497      0.000    -37.030    -37.030      7.586    -56.382   -999.900   -999.900
    -42.030      3.337    -60.290   -999.900   -999.900     63.627      0.000    -42.030    -42.030      3.337    -61.728   -999.900   -999.900
    -47.030     -1.486    -63.516   -999.900   -999.900     62.030      0.000    -47.030    -47.030     -1.486    -67.415   -999.900   -999.900
    -52.030     -6.350    -65.508   -999.900   -999.900     59.158      0.000    -52.030    -52.030     -6.350    -77.545   -999.900   -999.900
    -57.030    -11.324    -65.640   -999.900   -999.900     54.316      0.000    -57.030    -57.030    -11.324    -80.360   -999.900   -999.900
    -62.030    -16.284    -65.769   -999.900   -999.900     49.485      0.000    -62.030    -62.030    -16.284    -89.222   -999.900   -999.900
    -67.030    -16.278    -65.795   -999.900   -999.900     49.518      0.000    -67.030    -67.030    -16.278    -89.222   -999.900   -999.900
    -72.030    -26.120    -65.602   -999.900   -999.900     39.482      0.000    -72.030    -72.030    -26.121    -89.222   -999.900   -999.900
    -77.030    -31.288    -65.207   -999.900   -999.900     33.920      0.000    -77.030    -77.030    -31.290    -89.222   -999.900   -999.900
    -82.030    -36.260    -65.447   -999.900   -999.900     29.186      0.000    -82.030    -82.030    -36.267    -89.222   -999.900   -999.900
    -87.030    -41.232    -65.254   -999.900   -999.900     24.022      0.000    -87.030    -87.030    -41.251    -89.222   -999.900   -999.900
    -92.030    -46.056    -65.171   -999.900   -999.900     19.115      0.000    -92.030    -92.030    -46.115    -89.222   -999.900   -999.900
    -97.030    -50.848    -65.471   -999.900   -999.900     14.623      0.000    -97.030    -97.030    -51.026    -89.222   -999.900   -999.900
   -102.030    -55.109    -65.260   -999.900   -999.900     10.151      0.000   -102.030   -102.030    -55.604    -89.222   -999.900   -999.900
   -107.030    -59.349    -65.319   -999.900   -999.900      5.970      0.000   -107.030   -107.030    -60.811    -89.222   -999.900   -999.900
   -112.030    -62.896    -65.533   -999.900   -999.900      2.638      0.000   -112.030   -112.030    -67.417    -89.222   -999.900   -999.900
   -117.030    -64.310    -65.616   -999.900   -999.900      1.305      0.000   -117.030   -117.030    -74.143    -89.222   -999.900   -999.900
   -122.030    -64.627    -65.375   -999.900   -999.900      0.748      0.000   -122.030   -122.030    -79.036    -89.222   -999.900   -999.900
   -127.030    -64.853    -65.425   -999.900   -999.900      0.572      0.000   -127.030   -127.030    -79.036    -89.222   -999.900   -999.900
   -132.030    -64.913    -65.709   -999.900   -999.900      0.797      0.000   -132.030   -132.030    -79.036    -89.222   -999.900   -999.900
   -132.030    -64.937    -65.854   -999.900   -999.900      0.917      0.000   -132.030   -132.030    -79.036    -89.222   -999.900   -999.900
   -137.030    -64.771    -65.608   -999.900   -999.900      0.837      0.000   -137.030   -137.030    -79.036    -89.222   -999.900   -999.900
   -142.030    -64.955    -66.403   -999.900   -999.900      1.447      0.000   -142.030   -142.030    -79.036    -89.222   -999.900   -999.900
   -147.030    -64.972    -66.455   -999.900   -999.900      1.483      0.000   -147.030   -147.030    -79.036    -89.222   -999.900   -999.900
