    -56.710    -16.866    -61.826   -999.900   -999.900     44.960      0.000    -56.710    -56.710    -16.866      0.000   -999.900   -999.900
    -61.710    -21.774    -61.810   -999.900   -999.900     40.035      0.000    -61.710    -61.710    -21.775      0.000   -999.900   -999.900
    -66.710    -26.740    -61.797   -999.900   -999.900     35.057      0.000    -66.710    -66.710    -26.742      0.000   -999.900   -999.900
    -71.710    -31.749    -61.805   -999.900   -999.900     30.056      0.000    -71.710    -71.710    -31.755      0.000   -999.900   -999.900
    -76.710    -36.635    -61.791   -999.900   -999.900     25.156      0.000    -76.710    -76.710    -36.652      0.000   -999.900   -999.900
    -81.710    -41.218    -61.797   -999.900   -999.900     20.579      0.000    -81.710    -81.710    -41.267      0.000   -999.900   -999.900
    -86.710    -45.817    -61.802   -999.900   -999.900     15.984      0.000    -86.710    -86.710    -45.960      0.000   -999.900   -999.900
    -91.710    -50.342    -61.812   -999.900   -999.900     11.470      0.000    -91.710    -91.710    -50.758      0.000   -999.900   -999.900
    -96.710    -54.415    -61.807   -999.900   -999.900      7.392      0.000    -96.710    -96.710    -55.568      0.000   -999.900   -999.900
   -101.710    -57.526    -61.801   -999.900   -999.900      4.275      0.000   -101.710   -101.710    -60.343      0.000   -999.900   -999.900
   -106.710    -59.306    -61.822   -999.900   -999.900      2.515      0.000   -106.710   -106.710    -64.818      0.000   -999.900   -999.900
   -111.710    -60.276    -61.835   -999.900   -999.900      1.559      0.000   -111.710   -111.710    -70.229      0.000   -999.900   -999.900
   -116.710    -60.596    -61.817   -999.900   -999.900      1.221      0.000   -116.710   -116.710    -75.476      0.000   -999.900   -999.900
   -121.710    -60.767    -61.830   -999.900   -999.900      1.063      0.000   -121.710   -121.710    -75.476      0.000   -999.900   -999.900
   -121.710    -60.766    -61.834   -999.900   -999.900      1.068      0.000   -121.710   -121.710    -75.476      0.000   -999.900   -999.900
   -126.710    -60.765    -61.826   -999.900   -999.900      1.061      0.000   -126.710   -126.710    -75.476      0.000   -999.900   -999.900
   -131.710    -60.769    -61.819   -999.900   -999.900      1.050      0.000   -131.710   -131.710    -75.476      0.000   -999.900   -999.900
   -136.710    -60.776    -61.813   -999.900   -999.900      1.037      0.000   -136.710   -136.710    -75.476      0.000   -999.900   -999.900
