    -27.060      8.189    -62.600   -999.900   -999.900     70.788      0.000    -27.060    -27.060      8.189    -64.850   -999.900   -999.900
    -29.060      6.969    -63.768   -999.900   -999.900     70.737      0.000    -29.060    -29.060      6.969    -67.038   -999.900   -999.900
    -31.060      5.276    -64.567   -999.900   -999.900     69.843      0.000    -31.060    -31.060      5.276    -68.957   -999.900   -999.900
    -33.060      3.447    -65.221   -999.900   -999.900     68.668      0.000    -33.060    -33.060      3.447    -71.061   -999.900   -999.900
    -35.060      1.539    -65.633   -999.900   -999.900     67.172      0.000    -35.060    -35.060      1.539    -72.914   -999.900   -999.900
    -38.060     -1.388    -66.109   -999.900   -999.900     64.721      0.000    -38.060    -38.060     -1.388    -76.435   -999.900   -999.900
    -43.060     -6.298    -66.411   -999.900   -999.900     60.113      0.000    -43.060    -43.060     -6.298    -82.023   -999.900   -999.900
    -48.060    -11.269    -66.491   -999.900   -999.900     55.222      0.000    -48.060    -48.060    -11.269    -86.723   -999.900   -999.900
    -53.060    -16.239    -66.527   -999.900   -999.900     50.288      0.000    -53.060    -53.060    -16.239    -95.530   -999.900   -999.900
    -58.060    -21.189    -66.534   -999.900   -999.900     45.345      0.000    -58.060    -58.060    -21.189    -95.530   -999.900   -999.900
    -63.060    -26.184    -66.535   -999.900   -999.900     40.351      0.000    -63.060    -63.060    -26.185    -95.530   -999.900   -999.900
    -68.060    -31.285    -66.540   -999.900   -999.900     35.256      0.000    -68.060    -68.060    -31.286    -95.530   -999.900   -999.900
    -73.060    -36.190    -66.530   -999.900   -999.900     30.341      0.000    -73.060    -73.060    -36.196    -95.530   -999.900   -999.900
    -78.060    -41.129    -66.516   -999.900   -999.900     25.387      0.000    -78.060    -78.060    -41.148    -95.530   -999.900   -999.900
    -83.060    -46.134    -66.519   -999.900   -999.900     20.385      0.000    -83.060    -83.060    -46.192    -95.530   -999.900   -999.900
    -88.060    -51.023    -66.528   -999.900   -999.900     15.504      0.000    -88.060    -88.060    -51.205    -95.530   -999.900   -999.900
    -93.060    -55.518    -66.532   -999.900   -999.900     11.014      0.000    -93.060    -93.060    -56.051    -95.530   -999.900   -999.900
    -97.060    -58.872    -66.539   -999.900   -999.900      7.667      0.000    -97.060    -97.060    -60.121    -95.530   -999.900   -999.900
   -101.060    -61.585    -66.533   -999.900   -999.900      4.948      0.000   -101.060   -101.060    -64.317    -95.530   -999.900   -999.900
   -103.060    -62.554    -66.520   -999.900   -999.900      3.966      0.000   -103.060   -103.060    -66.360    -95.530   -999.900   -999.900
   -105.060    -63.250    -66.521   -999.900   -999.900      3.271      0.000   -105.060   -105.060    -68.270    -95.530   -999.900   -999.900
   -107.060    -63.880    -66.532   -999.900   -999.900      2.651      0.000   -107.060   -107.060    -70.702    -95.530   -999.900   -999.900
   -110.060    -64.342    -66.537   -999.900   -999.900      2.195      0.000   -110.060   -110.060    -73.589    -95.530   -999.900   -999.900
   -113.060    -64.714    -66.525   -999.900   -999.900      1.812      0.000   -113.060   -113.060    -78.665    -95.530   -999.900   -999.900
   -118.060    -64.840    -66.536   -999.900   -999.900      1.696      0.000   -118.060   -118.060    -84.075    -95.530   -999.900   -999.900
   -123.060    -64.856    -66.535   -999.900   -999.900      1.679      0.000   -123.060   -123.060    -85.661    -95.530   -999.900   -999.900
   -128.060    -64.871    -66.536   -999.900   -999.900      1.665      0.000   -128.060   -128.060    -88.052    -95.530   -999.900   -999.900
   -133.060    -64.881    -66.524   -999.900   -999.900      1.643      0.000   -133.060   -133.060    -90.797    -95.530   -999.900   -999.900
   -138.060    -64.895    -66.520   -999.900   -999.900      1.625      0.000   -138.060   -138.060    -90.797    -95.530   -999.900   -999.900
   -143.060    -64.889    -66.525   -999.900   -999.900      1.636      0.000   -143.060   -143.060    -90.797    -95.530   -999.900   -999.900
   -148.060    -64.918    -66.536   -999.900   -999.900      1.618      0.000   -148.060   -148.060    -90.797    -95.530   -999.900   -999.900
   -148.060    -64.913    -66.532   -999.900   -999.900      1.618      0.000   -148.060   -148.060    -90.797    -95.530   -999.900   -999.900
   -153.060    -64.916    -66.535   -999.900   -999.900      1.619      0.000   -153.060   -153.060    -90.797    -95.530   -999.900   -999.900
   -158.060    -64.917    -66.535   -999.900   -999.900      1.618      0.000   -158.060   -158.060    -90.797    -95.530   -999.900   -999.900
   -163.060    -64.920    -66.539   -999.900   -999.900      1.619      0.000   -163.060   -163.060    -90.797    -95.530   -999.900   -999.900
