    -56.710    -17.267    -61.791   -999.900   -999.900     44.524      0.000    -56.710    -56.710    -17.267    -88.157   -999.900   -999.900
    -61.710    -22.130    -61.791   -999.900   -999.900     39.661      0.000    -61.710    -61.710    -22.131    -88.359   -999.900   -999.900
    -66.710    -27.046    -61.792   -999.900   -999.900     34.746      0.000    -66.710    -66.710    -27.048    -88.784   -999.900   -999.900
    -71.710    -32.068    -61.749   -999.900   -999.900     29.682      0.000    -71.710    -71.710    -32.073    -81.030   -999.900   -999.900
    -76.710    -36.915    -61.740   -999.900   -999.900     24.825      0.000    -76.710    -76.710    -36.932    -80.322   -999.900   -999.900
    -81.710    -41.581    -61.782   -999.900   -999.900     20.201      0.000    -81.710    -81.710    -41.631    -85.375   -999.900   -999.900
    -86.710    -46.266    -61.762   -999.900   -999.900     15.496      0.000    -86.710    -86.710    -46.416    -82.308   -999.900   -999.900
    -91.710    -50.841    -61.782   -999.900   -999.900     10.941      0.000    -91.710    -91.710    -51.286    -85.428   -999.900   -999.900
    -96.710    -54.916    -61.787   -999.900   -999.900      6.871      0.000    -96.710    -96.710    -56.160    -86.611   -999.900   -999.900
   -101.710    -57.974    -61.787   -999.900   -999.900      3.813      0.000   -101.710   -101.710    -61.017    -86.796   -999.900   -999.900
   -106.710    -59.790    -61.781   -999.900   -999.900      1.991      0.000   -106.710   -106.710    -66.084    -85.209   -999.900   -999.900
   -111.710    -60.614    -61.783   -999.900   -999.900      1.168      0.000   -111.710   -111.710    -71.874    -85.557   -999.900   -999.900
   -116.710    -60.877    -61.789   -999.900   -999.900      0.912      0.000   -116.710   -116.710    -78.536    -87.258   -999.900   -999.900
   -121.710    -60.968    -61.795   -999.900   -999.900      0.827      0.000   -121.710   -121.710    -78.536    -90.261   -999.900   -999.900
   -121.710    -60.961    -61.811   -999.900   -999.900      0.850      0.000   -121.710   -121.710    -78.536    -90.261   -999.900   -999.900
   -126.710    -60.965    -61.804   -999.900   -999.900      0.839      0.000   -126.710   -126.710    -78.536    -90.261   -999.900   -999.900
   -131.710    -60.968    -61.801   -999.900   -999.900      0.832      0.000   -131.710   -131.710    -78.536    -90.261   -999.900   -999.900
   -136.710    -60.974    -61.806   -999.900   -999.900      0.832      0.000   -136.710   -136.710    -78.536    -90.261   -999.900   -999.900
