    -35.730     -1.022    -69.399   -999.900   -999.900     68.376      0.000    -35.730    -35.730     -1.022    -97.527   -999.900   -999.900
    -40.730     -5.821    -69.406   -999.900   -999.900     63.585      0.000    -40.730    -40.730     -5.821    -97.527   -999.900   -999.900
    -45.730    -10.709    -69.379   -999.900   -999.900     58.669      0.000    -45.730    -45.730    -10.709    -97.527   -999.900   -999.900
    -50.730    -15.624    -69.415   -999.900   -999.900     53.791      0.000    -50.730    -50.730    -15.624    -97.527   -999.900   -999.900
    -55.730    -20.482    -69.413   -999.900   -999.900     48.931      0.000    -55.730    -55.730    -20.482    -97.527   -999.900   -999.900
    -60.730    -25.296    -69.415   -999.900   -999.900     44.119      0.000    -60.730    -60.730    -25.297    -97.527   -999.900   -999.900
    -65.730    -30.193    -69.416   -999.900   -999.900     39.224      0.000    -65.730    -65.730    -30.194    -97.527   -999.900   -999.900
    -70.730    -35.097    -69.417   -999.900   -999.900     34.320      0.000    -70.730    -70.730    -35.101    -97.527   -999.900   -999.900
    -75.730    -40.027    -69.378   -999.900   -999.900     29.351      0.000    -75.730    -75.730    -40.041    -97.527   -999.900   -999.900
    -81.680    -46.510    -69.402   -999.900   -999.900     22.891      0.000    -81.680    -81.680    -46.570    -97.527   -999.900   -999.900
    -86.680    -51.694    -69.399   -999.900   -999.900     17.705      0.000    -86.680    -86.680    -51.894    -97.527   -999.900   -999.900
    -91.680    -56.854    -69.399   -999.900   -999.900     12.546      0.000    -91.680    -91.680    -57.548    -97.527   -999.900   -999.900
    -96.680    -61.715    -69.398   -999.900   -999.900      7.683      0.000    -96.680    -96.680    -64.335    -97.527   -999.900   -999.900
   -101.680    -64.872    -69.399   -999.900   -999.900      4.527      0.000   -101.680   -101.680    -76.884    -97.527   -999.900   -999.900
   -106.680    -65.995    -69.399   -999.900   -999.900      3.405      0.000   -106.680   -106.680    -76.884    -97.527   -999.900   -999.900
   -111.680    -65.765    -69.401   -999.900   -999.900      3.636      0.000   -111.680   -111.680    -76.884    -97.527   -999.900   -999.900
   -116.680    -65.316    -69.405   -999.900   -999.900      4.088      0.000   -116.680   -116.680    -76.884    -97.527   -999.900   -999.900
   -121.680    -64.396    -69.405   -999.900   -999.900      5.009      0.000   -121.680   -121.680    -76.884    -97.527   -999.900   -999.900
   -121.680    -64.409    -69.409   -999.900   -999.900      5.000      0.000   -121.680   -121.680    -76.884    -97.527   -999.900   -999.900
   -126.680    -64.995    -69.401   -999.900   -999.900      4.406      0.000   -126.680   -126.680    -76.884    -97.527   -999.900   -999.900
   -131.680    -66.068    -69.402   -999.900   -999.900      3.333      0.000   -131.680   -131.680    -76.884    -97.527   -999.900   -999.900
   -136.680    -66.067    -69.410   -999.900   -999.900      3.343      0.000   -136.680   -136.680    -76.884    -97.527   -999.900   -999.900
