    -35.670      4.446    -15.958   -999.900   -999.900     20.404      0.000    -35.670    -35.670      4.446    -15.958   -999.900   -999.900
    -40.670     -0.162    -20.976   -999.900   -999.900     20.814      0.000    -40.670    -40.670     -0.162    -20.977   -999.900   -999.900
    -45.670     -4.915    -25.801   -999.900   -999.900     20.886      0.000    -45.670    -45.670     -4.915    -25.803   -999.900   -999.900
    -50.670     -9.706    -30.626   -999.900   -999.900     20.920      0.000    -50.670    -50.670     -9.706    -30.631   -999.900   -999.900
    -55.670    -14.553    -35.557   -999.900   -999.900     21.004      0.000    -55.670    -55.670    -14.553    -35.572   -999.900   -999.900
    -60.670    -19.440    -40.311   -999.900   -999.900     20.871      0.000    -60.670    -60.670    -19.441    -40.356   -999.900   -999.900
    -65.670    -24.348    -45.107   -999.900   -999.900     20.759      0.000    -65.670    -65.670    -24.352    -45.246   -999.900   -999.900
    -70.670    -29.345    -49.889   -999.900   -999.900     20.544      0.000    -70.670    -70.670    -29.358    -50.320   -999.900   -999.900
    -75.670    -34.215    -54.171   -999.900   -999.900     19.956      0.000    -75.670    -75.670    -34.254    -55.439   -999.900   -999.900
    -80.670    -39.050    -57.376   -999.900   -999.900     18.326      0.000    -80.670    -80.670    -39.171    -60.653   -999.900   -999.900
    -85.670    -43.913    -59.113   -999.900   -999.900     15.200      0.000    -85.670    -85.670    -44.296    -65.897   -999.900   -999.900
    -90.670    -48.985    -59.848   -999.900   -999.900     10.863      0.000    -90.670    -90.670    -50.361    -71.790   -999.900   -999.900
    -95.670    -54.541    -60.068   -999.900   -999.900      5.527      0.000    -95.670    -95.670    -70.719    -78.219   -999.900   -999.900
   -100.670    -54.572    -60.077   -999.900   -999.900      5.505      0.000   -100.670   -100.670    -72.237    -78.850   -999.900   -999.900
   -105.670    -54.589    -60.096   -999.900   -999.900      5.507      0.000   -105.670   -105.670    -73.362    -80.583   -999.900   -999.900
   -110.670    -54.613    -60.113   -999.900   -999.900      5.500      0.000   -110.670   -110.670    -75.694    -83.078   -999.900   -999.900
   -115.670    -54.639    -60.129   -999.900   -999.900      5.490      0.000   -115.670   -115.670    -81.994    -88.731   -999.900   -999.900
   -120.670    -54.655    -60.141   -999.900   -999.900      5.486      0.000   -120.670   -120.670    -81.994    -88.731   -999.900   -999.900
