    -36.030     -7.678    -66.168   -999.900   -999.900     58.490      0.000    -36.030    -36.030    -12.412      0.000   -999.900   -999.900
    -38.030     -7.678    -66.148   -999.900   -999.900     58.470      0.000    -38.030    -38.030    -12.411      0.000   -999.900   -999.900
    -40.030     -7.677    -66.132   -999.900   -999.900     58.455      0.000    -40.030    -40.030    -12.409      0.000   -999.900   -999.900
    -42.030     -7.676    -66.118   -999.900   -999.900     58.442      0.000    -42.030    -42.030    -12.407      0.000   -999.900   -999.900
    -44.030     -7.673    -66.133   -999.900   -999.900     58.460      0.000    -44.030    -44.030    -12.397      0.000   -999.900   -999.900
    -47.030     -7.672    -66.099   -999.900   -999.900     58.427      0.000    -47.030    -47.030    -12.393      0.000   -999.900   -999.900
    -52.030     -7.671    -66.099   -999.900   -999.900     58.428      0.000    -52.030    -52.030    -12.391      0.000   -999.900   -999.900
    -57.030     -7.671    -66.109   -999.900   -999.900     58.438      0.000    -57.030    -57.030    -12.391      0.000   -999.900   -999.900
    -62.030     -7.671    -66.081   -999.900   -999.900     58.410      0.000    -62.030    -62.030    -12.392      0.000   -999.900   -999.900
    -67.030     -7.673    -66.090   -999.900   -999.900     58.417      0.000    -67.030    -67.030    -12.396      0.000   -999.900   -999.900
    -72.030     -7.673    -66.100   -999.900   -999.900     58.426      0.000    -72.030    -72.030    -12.397      0.000   -999.900   -999.900
    -77.030     -7.674    -66.078   -999.900   -999.900     58.404      0.000    -77.030    -77.030    -12.399      0.000   -999.900   -999.900
    -82.030     -7.674    -66.099   -999.900   -999.900     58.425      0.000    -82.030    -82.030    -12.400      0.000   -999.900   -999.900
    -87.030     -7.676    -66.085   -999.900   -999.900     58.409      0.000    -87.030    -87.030    -12.406      0.000   -999.900   -999.900
    -92.030     -7.679    -66.089   -999.900   -999.900     58.409      0.000    -92.030    -92.030    -12.416      0.000   -999.900   -999.900
    -97.030     -7.684    -66.092   -999.900   -999.900     58.408      0.000    -97.030    -97.030    -12.428      0.000   -999.900   -999.900
   -102.030     -7.687    -66.074   -999.900   -999.900     58.386      0.000   -102.030   -102.030    -12.440      0.000   -999.900   -999.900
   -106.030     -7.689    -66.075   -999.900   -999.900     58.387      0.000   -106.030   -106.030    -12.443      0.000   -999.900   -999.900
   -110.030     -7.690    -66.058   -999.900   -999.900     58.368      0.000   -110.030   -110.030    -12.447      0.000   -999.900   -999.900
   -112.030     -7.689    -66.042   -999.900   -999.900     58.352      0.000   -112.030   -112.030    -12.445      0.000   -999.900   -999.900
   -114.030     -7.688    -66.051   -999.900   -999.900     58.362      0.000   -114.030   -114.030    -12.442      0.000   -999.900   -999.900
   -116.030     -7.686    -66.043   -999.900   -999.900     58.357      0.000   -116.030   -116.030    -12.436      0.000   -999.900   -999.900
   -119.030     -7.685    -66.033   -999.900   -999.900     58.348      0.000   -119.030   -119.030    -12.432      0.000   -999.900   -999.900
   -122.030     -7.683    -66.024   -999.900   -999.900     58.341      0.000   -122.030   -122.030    -12.428      0.000   -999.900   -999.900
   -122.030     -7.684    -66.022   -999.900   -999.900     58.339      0.000   -122.030   -122.030    -12.428      0.000   -999.900   -999.900
   -127.030     -9.533    -65.864   -999.900   -999.900     56.330      0.000   -127.030   -127.030    -12.428      0.000   -999.900   -999.900
   -132.030    -64.931    -66.379   -999.900   -999.900      1.448      0.000   -132.030   -132.030    -12.428      0.000   -999.900   -999.900
   -137.030    -64.931    -66.387   -999.900   -999.900      1.455      0.000   -137.030   -137.030    -12.428      0.000   -999.900   -999.900
