    -35.730      5.133    -60.472   -999.900   -999.900     65.605      0.000    -35.730    -35.730      5.133    -68.679   -999.900   -999.900
    -40.730      0.595    -60.793   -999.900   -999.900     61.389      0.000    -40.730    -40.730      0.595    -71.450   -999.900   -999.900
    -45.730     -4.197    -61.113   -999.900   -999.900     56.916      0.000    -45.730    -45.730     -4.197    -79.027   -999.900   -999.900
    -50.730     -9.194    -61.287   -999.900   -999.900     52.093      0.000    -50.730    -50.730     -9.194    -79.027   -999.900   -999.900
    -55.730    -14.023    -61.268   -999.900   -999.900     47.244      0.000    -55.730    -55.730    -14.024    -79.027   -999.900   -999.900
    -60.730    -18.714    -61.170   -999.900   -999.900     42.456      0.000    -60.730    -60.730    -18.715    -79.027   -999.900   -999.900
    -65.730    -23.732    -61.089   -999.900   -999.900     37.357      0.000    -65.730    -65.730    -23.733    -79.027   -999.900   -999.900
    -70.730    -28.712    -61.146   -999.900   -999.900     32.434      0.000    -70.730    -70.730    -28.715    -79.027   -999.900   -999.900
    -75.730    -33.516    -61.248   -999.900   -999.900     27.732      0.000    -75.730    -75.730    -33.526    -79.027   -999.900   -999.900
    -81.680    -40.103    -61.298   -999.900   -999.900     21.195      0.000    -81.680    -81.680    -40.149    -79.027   -999.900   -999.900
    -86.680    -44.608    -61.259   -999.900   -999.900     16.651      0.000    -86.680    -86.680    -44.739    -79.027   -999.900   -999.900
    -91.680    -49.330    -61.133   -999.900   -999.900     11.803      0.000    -91.680    -91.680    -49.729    -79.027   -999.900   -999.900
    -96.680    -53.490    -61.193   -999.900   -999.900      7.703      0.000    -96.680    -96.680    -54.620    -79.027   -999.900   -999.900
   -101.680    -56.823    -61.275   -999.900   -999.900      4.452      0.000   -101.680   -101.680    -59.776    -79.027   -999.900   -999.900
   -106.680    -58.759    -61.342   -999.900   -999.900      2.583      0.000   -106.680   -106.680    -65.151    -79.027   -999.900   -999.900
   -111.680    -59.585    -61.307   -999.900   -999.900      1.722      0.000   -111.680   -111.680    -71.254    -79.027   -999.900   -999.900
   -116.680    -59.738    -61.168   -999.900   -999.900      1.430      0.000   -116.680   -116.680    -74.337    -79.027   -999.900   -999.900
   -121.680    -59.907    -61.247   -999.900   -999.900      1.340      0.000   -121.680   -121.680    -74.337    -79.027   -999.900   -999.900
   -121.680    -59.915    -61.217   -999.900   -999.900      1.301      0.000   -121.680   -121.680    -74.337    -79.027   -999.900   -999.900
   -126.680    -59.929    -61.204   -999.900   -999.900      1.275      0.000   -126.680   -126.680    -74.337    -79.027   -999.900   -999.900
   -131.680    -59.933    -61.156   -999.900   -999.900      1.223      0.000   -131.680   -131.680    -74.337    -79.027   -999.900   -999.900
   -136.680    -59.929    -61.111   -999.900   -999.900      1.183      0.000   -136.680   -136.680    -74.337    -79.027   -999.900   -999.900
