    -35.730      5.047    -60.713   -999.900   -999.900     65.760      0.000    -35.730    -35.730      5.047    -69.078   -999.900   -999.900
    -40.730      0.467    -61.136   -999.900   -999.900     61.603      0.000    -40.730    -40.730      0.467    -73.483   -999.900   -999.900
    -45.730     -4.405    -61.319   -999.900   -999.900     56.914      0.000    -45.730    -45.730     -4.405    -78.849   -999.900   -999.900
    -50.730     -9.202    -61.444   -999.900   -999.900     52.242      0.000    -50.730    -50.730     -9.202    -78.849   -999.900   -999.900
    -55.730    -14.049    -61.509   -999.900   -999.900     47.460      0.000    -55.730    -55.730    -14.049    -78.849   -999.900   -999.900
    -60.730    -18.895    -61.533   -999.900   -999.900     42.638      0.000    -60.730    -60.730    -18.895    -78.849   -999.900   -999.900
    -65.730    -23.854    -61.504   -999.900   -999.900     37.650      0.000    -65.730    -65.730    -23.855    -78.849   -999.900   -999.900
    -70.730    -28.859    -61.424   -999.900   -999.900     32.564      0.000    -70.730    -70.730    -28.863    -78.849   -999.900   -999.900
    -75.730    -33.919    -61.333   -999.900   -999.900     27.414      0.000    -75.730    -75.730    -33.930    -78.849   -999.900   -999.900
    -81.680    -39.910    -61.513   -999.900   -999.900     21.603      0.000    -81.680    -81.680    -39.954    -78.849   -999.900   -999.900
    -86.680    -44.512    -61.530   -999.900   -999.900     17.018      0.000    -86.680    -86.680    -44.640    -78.849   -999.900   -999.900
    -91.680    -49.033    -61.531   -999.900   -999.900     12.498      0.000    -91.680    -91.680    -49.405    -78.849   -999.900   -999.900
    -96.680    -52.984    -61.474   -999.900   -999.900      8.489      0.000    -96.680    -96.680    -53.974    -78.849   -999.900   -999.900
   -101.680    -56.514    -61.358   -999.900   -999.900      4.844      0.000   -101.680   -101.680    -59.185    -78.849   -999.900   -999.900
   -106.680    -58.427    -61.313   -999.900   -999.900      2.886      0.000   -106.680   -106.680    -63.855    -78.849   -999.900   -999.900
   -111.680    -59.398    -61.323   -999.900   -999.900      1.925      0.000   -111.680   -111.680    -69.074    -78.849   -999.900   -999.900
   -116.680    -59.761    -61.339   -999.900   -999.900      1.578      0.000   -116.680   -116.680    -74.997    -78.849   -999.900   -999.900
   -121.680    -59.901    -61.378   -999.900   -999.900      1.477      0.000   -121.680   -121.680    -74.997    -78.849   -999.900   -999.900
   -121.680    -59.910    -61.394   -999.900   -999.900      1.484      0.000   -121.680   -121.680    -74.997    -78.849   -999.900   -999.900
   -126.680    -59.919    -61.405   -999.900   -999.900      1.486      0.000   -126.680   -126.680    -74.997    -78.849   -999.900   -999.900
   -131.680    -59.930    -61.425   -999.900   -999.900      1.495      0.000   -131.680   -131.680    -74.997    -78.849   -999.900   -999.900
   -136.680    -59.938    -61.440   -999.900   -999.900      1.501      0.000   -136.680   -136.680    -74.997    -78.849   -999.900   -999.900
