    -56.710      4.989    -60.943   -999.900   -999.900     65.932      0.000    -56.710    -56.710      4.989    -71.344   -999.900   -999.900
    -61.710      0.397    -61.269   -999.900   -999.900     61.666      0.000    -61.710    -61.710      0.397    -78.201   -999.900   -999.900
    -66.710     -4.444    -61.428   -999.900   -999.900     56.984      0.000    -66.710    -66.710     -4.444    -78.201   -999.900   -999.900
    -71.710     -9.202    -61.444   -999.900   -999.900     52.242      0.000    -71.710    -71.710     -9.202    -78.201   -999.900   -999.900
    -76.710    -14.080    -61.346   -999.900   -999.900     47.266      0.000    -76.710    -76.710    -14.080    -78.201   -999.900   -999.900
    -81.710    -18.984    -61.271   -999.900   -999.900     42.286      0.000    -81.710    -81.710    -18.985    -78.201   -999.900   -999.900
    -86.710    -23.901    -61.239   -999.900   -999.900     37.338      0.000    -86.710    -86.710    -23.902    -78.201   -999.900   -999.900
    -91.710    -28.873    -61.275   -999.900   -999.900     32.402      0.000    -91.710    -91.710    -28.878    -78.201   -999.900   -999.900
    -96.710    -33.632    -61.277   -999.900   -999.900     27.646      0.000    -96.710    -96.710    -33.649    -78.201   -999.900   -999.900
   -103.560    -40.010    -61.377   -999.900   -999.900     21.367      0.000   -103.560   -103.560    -40.083    -78.201   -999.900   -999.900
   -108.560    -44.529    -61.424   -999.900   -999.900     16.895      0.000   -108.560   -108.560    -44.738    -78.201   -999.900   -999.900
   -113.560    -48.914    -61.474   -999.900   -999.900     12.560      0.000   -113.560   -113.560    -49.515    -78.201   -999.900   -999.900
   -118.560    -52.859    -61.478   -999.900   -999.900      8.619      0.000   -118.560   -118.560    -54.536    -78.201   -999.900   -999.900
   -123.560    -56.011    -61.437   -999.900   -999.900      5.426      0.000   -123.560   -123.560    -60.722    -78.201   -999.900   -999.900
   -128.560    -58.173    -61.330   -999.900   -999.900      3.157      0.000   -128.560   -128.560    -60.722    -78.201   -999.900   -999.900
   -133.560    -59.168    -61.251   -999.900   -999.900      2.083      0.000   -133.560   -133.560    -60.722    -78.201   -999.900   -999.900
   -138.560    -59.678    -61.281   -999.900   -999.900      1.603      0.000   -138.560   -138.560    -60.722    -78.201   -999.900   -999.900
   -143.560    -59.955    -61.336   -999.900   -999.900      1.381      0.000   -143.560   -143.560    -60.722    -78.201   -999.900   -999.900
   -143.560    -59.937    -61.342   -999.900   -999.900      1.405      0.000   -143.560   -143.560    -60.722    -78.201   -999.900   -999.900
   -148.560    -59.918    -61.364   -999.900   -999.900      1.446      0.000   -148.560   -148.560    -60.722    -78.201   -999.900   -999.900
   -153.560    -59.898    -61.376   -999.900   -999.900      1.479      0.000   -153.560   -153.560    -60.722    -78.201   -999.900   -999.900
   -158.560    -59.891    -61.393   -999.900   -999.900      1.503      0.000   -158.560   -158.560    -60.722    -78.201   -999.900   -999.900
