    -56.710    -15.697    -61.223   -999.900   -999.900     45.526      0.000    -56.710    -56.710    -15.697    -79.156   -999.900   -999.900
    -61.710    -20.474    -61.381   -999.900   -999.900     40.907      0.000    -61.710    -61.710    -20.475    -79.156   -999.900   -999.900
    -66.710    -25.482    -61.427   -999.900   -999.900     35.945      0.000    -66.710    -66.710    -25.484    -79.156   -999.900   -999.900
    -71.710    -30.553    -61.449   -999.900   -999.900     30.896      0.000    -71.710    -71.710    -30.558    -79.156   -999.900   -999.900
    -76.710    -35.408    -61.370   -999.900   -999.900     25.962      0.000    -76.710    -76.710    -35.424    -79.156   -999.900   -999.900
    -81.710    -39.995    -61.265   -999.900   -999.900     21.270      0.000    -81.710    -81.710    -40.040    -79.156   -999.900   -999.900
    -86.710    -44.585    -61.239   -999.900   -999.900     16.654      0.000    -86.710    -86.710    -44.714    -79.156   -999.900   -999.900
    -91.710    -49.205    -61.316   -999.900   -999.900     12.111      0.000    -91.710    -91.710    -49.591    -79.156   -999.900   -999.900
    -96.710    -53.435    -61.357   -999.900   -999.900      7.922      0.000    -96.710    -96.710    -54.542    -79.156   -999.900   -999.900
   -101.710    -56.656    -61.418   -999.900   -999.900      4.762      0.000   -101.710   -101.710    -59.432    -79.156   -999.900   -999.900
   -106.710    -58.605    -61.444   -999.900   -999.900      2.839      0.000   -106.710   -106.710    -64.452    -79.156   -999.900   -999.900
   -111.710    -59.491    -61.472   -999.900   -999.900      1.981      0.000   -111.710   -111.710    -69.810    -79.156   -999.900   -999.900
   -116.710    -59.756    -61.408   -999.900   -999.900      1.652      0.000   -116.710   -116.710    -74.230    -79.156   -999.900   -999.900
   -121.710    -59.968    -61.302   -999.900   -999.900      1.334      0.000   -121.710   -121.710    -74.230    -79.156   -999.900   -999.900
   -121.710    -59.958    -61.273   -999.900   -999.900      1.316      0.000   -121.710   -121.710    -74.230    -79.156   -999.900   -999.900
   -126.710    -59.955    -61.269   -999.900   -999.900      1.314      0.000   -126.710   -126.710    -74.230    -79.156   -999.900   -999.900
   -131.710    -59.934    -61.261   -999.900   -999.900      1.327      0.000   -131.710   -131.710    -74.230    -79.156   -999.900   -999.900
   -136.710    -59.918    -61.248   -999.900   -999.900      1.329      0.000   -136.710   -136.710    -74.230    -79.156   -999.900   -999.900
