    -36.150      5.056    -60.518   -999.900   -999.900     65.574      0.000    -36.150    -36.150      5.056      0.000   -999.900   -999.900
    -41.150      0.556    -60.887   -999.900   -999.900     61.443      0.000    -41.150    -41.150      0.556      0.000   -999.900   -999.900
    -46.150     -4.338    -60.768   -999.900   -999.900     56.430      0.000    -46.150    -46.150     -4.338      0.000   -999.900   -999.900
    -51.150     -9.300    -60.585   -999.900   -999.900     51.285      0.000    -51.150    -51.150     -9.300      0.000   -999.900   -999.900
    -56.150    -14.014    -60.402   -999.900   -999.900     46.388      0.000    -56.150    -56.150    -14.014      0.000   -999.900   -999.900
    -61.150    -18.738    -60.249   -999.900   -999.900     41.511      0.000    -61.150    -61.150    -18.738      0.000   -999.900   -999.900
    -66.150    -23.641    -60.052   -999.900   -999.900     36.411      0.000    -66.150    -66.150    -23.642      0.000   -999.900   -999.900
    -71.150    -28.559    -59.957   -999.900   -999.900     31.398      0.000    -71.150    -71.150    -28.562      0.000   -999.900   -999.900
    -76.150    -33.714    -59.956   -999.900   -999.900     26.242      0.000    -76.150    -76.150    -33.724      0.000   -999.900   -999.900
    -81.930    -39.922    -60.724   -999.900   -999.900     20.801      0.000    -81.930    -81.930    -39.964      0.000   -999.900   -999.900
    -86.930    -44.560    -60.450   -999.900   -999.900     15.890      0.000    -86.930    -86.930    -44.682      0.000   -999.900   -999.900
    -91.930    -49.158    -60.275   -999.900   -999.900     11.117      0.000    -91.930    -91.930    -49.519      0.000   -999.900   -999.900
    -96.930    -53.334    -60.102   -999.900   -999.900      6.768      0.000    -96.930    -96.930    -54.351      0.000   -999.900   -999.900
   -101.930    -56.772    -59.984   -999.900   -999.900      3.212      0.000   -101.930   -101.930    -59.453      0.000   -999.900   -999.900
   -106.930    -58.799    -59.906   -999.900   -999.900      1.108      0.000   -106.930   -106.930    -64.558      0.000   -999.900   -999.900
   -111.930    -59.670    -60.010   -999.900   -999.900      0.340      0.000   -111.930   -111.930    -69.567      0.000   -999.900   -999.900
   -116.930    -60.028    -60.354   -999.900   -999.900      0.326      0.000   -116.930   -116.930    -76.024      0.000   -999.900   -999.900
   -116.930    -60.054    -60.422   -999.900   -999.900      0.368      0.000   -116.930   -116.930    -77.190      0.000   -999.900   -999.900
   -121.930    -60.189    -60.467   -999.900   -999.900      0.278      0.000   -121.930   -121.930    -77.190      0.000   -999.900   -999.900
   -126.930    -60.206    -60.518   -999.900   -999.900      0.312      0.000   -126.930   -126.930    -77.190      0.000   -999.900   -999.900
   -131.930    -60.221    -60.578   -999.900   -999.900      0.357      0.000   -131.930   -131.930    -77.190      0.000   -999.900   -999.900
