    -56.710    -16.580    -61.354   -999.900   -999.900     44.773      0.000    -56.710    -56.710    -16.581      0.000   -999.900   -999.900
    -61.710    -20.534    -61.262   -999.900   -999.900     40.728      0.000    -61.710    -61.710    -20.535      0.000   -999.900   -999.900
    -66.710    -25.519    -61.229   -999.900   -999.900     35.710      0.000    -66.710    -66.710    -25.521      0.000   -999.900   -999.900
    -71.710    -30.587    -61.293   -999.900   -999.900     30.706      0.000    -71.710    -71.710    -30.592      0.000   -999.900   -999.900
    -76.710    -35.579    -61.343   -999.900   -999.900     25.763      0.000    -76.710    -76.710    -35.595      0.000   -999.900   -999.900
    -81.710    -40.388    -61.411   -999.900   -999.900     21.023      0.000    -81.710    -81.710    -40.435      0.000   -999.900   -999.900
    -86.710    -45.020    -61.492   -999.900   -999.900     16.471      0.000    -86.710    -86.710    -45.158      0.000   -999.900   -999.900
    -91.710    -49.563    -61.487   -999.900   -999.900     11.923      0.000    -91.710    -91.710    -49.968      0.000   -999.900   -999.900
    -96.710    -53.511    -61.428   -999.900   -999.900      7.917      0.000    -96.710    -96.710    -54.593      0.000   -999.900   -999.900
   -101.710    -56.782    -61.319   -999.900   -999.900      4.537      0.000   -101.710   -101.710    -59.527      0.000   -999.900   -999.900
   -106.710    -58.769    -61.211   -999.900   -999.900      2.442      0.000   -106.710   -106.710    -64.623      0.000   -999.900   -999.900
   -111.710    -59.642    -61.212   -999.900   -999.900      1.571      0.000   -111.710   -111.710    -69.866      0.000   -999.900   -999.900
   -116.710    -59.959    -61.265   -999.900   -999.900      1.306      0.000   -116.710   -116.710    -75.751      0.000   -999.900   -999.900
   -121.710    -60.072    -61.321   -999.900   -999.900      1.249      0.000   -121.710   -121.710    -91.769      0.000   -999.900   -999.900
   -121.710    -60.084    -61.328   -999.900   -999.900      1.245      0.000   -121.710   -121.710    -91.769      0.000   -999.900   -999.900
   -126.710    -60.100    -61.332   -999.900   -999.900      1.232      0.000   -126.710   -126.710    -91.769      0.000   -999.900   -999.900
   -131.710    -60.114    -61.340   -999.900   -999.900      1.227      0.000   -131.710   -131.710    -91.769      0.000   -999.900   -999.900
   -136.710    -60.124    -61.365   -999.900   -999.900      1.242      0.000   -136.710   -136.710    -91.769      0.000   -999.900   -999.900
