    -27.120      8.204    -53.154   -999.900   -999.900     61.358      0.000    -27.120    -27.120      8.204    -53.358   -999.900   -999.900
    -32.120      4.373    -57.733   -999.900   -999.900     62.106      0.000    -32.120    -32.120      4.373    -58.347   -999.900   -999.900
    -37.120     -0.300    -61.652   -999.900   -999.900     61.353      0.000    -37.120    -37.120     -0.300    -63.361   -999.900   -999.900
    -42.120     -5.159    -64.378   -999.900   -999.900     59.219      0.000    -42.120    -42.120     -5.159    -68.460   -999.900   -999.900
    -47.120    -10.138    -65.536   -999.900   -999.900     55.398      0.000    -47.120    -47.120    -10.138    -72.429   -999.900   -999.900
    -52.120    -15.135    -66.135   -999.900   -999.900     51.000      0.000    -52.120    -52.120    -15.135    -76.745   -999.900   -999.900
    -57.120    -20.106    -66.350   -999.900   -999.900     46.243      0.000    -57.120    -57.120    -20.106    -80.256   -999.900   -999.900
    -62.120    -25.077    -66.451   -999.900   -999.900     41.374      0.000    -62.120    -62.120    -25.077    -83.878   -999.900   -999.900
    -67.120    -30.087    -66.493   -999.900   -999.900     36.406      0.000    -67.120    -67.120    -30.088    -87.233   -999.900   -999.900
    -72.120    -35.084    -66.499   -999.900   -999.900     31.415      0.000    -72.120    -72.120    -35.088    -88.047   -999.900   -999.900
    -77.120    -40.048    -66.498   -999.900   -999.900     26.450      0.000    -77.120    -77.120    -40.061    -87.829   -999.900   -999.900
    -82.120    -45.054    -66.494   -999.900   -999.900     21.441      0.000    -82.120    -82.120    -45.097    -87.395   -999.900   -999.900
    -87.120    -49.985    -66.498   -999.900   -999.900     16.513      0.000    -87.120    -87.120    -50.120    -87.836   -999.900   -999.900
    -92.120    -54.652    -66.499   -999.900   -999.900     11.846      0.000    -92.120    -92.120    -55.059    -87.919   -999.900   -999.900
    -97.120    -59.009    -66.507   -999.900   -999.900      7.498      0.000    -97.120    -97.120    -60.224    -89.286   -999.900   -999.900
   -102.120    -62.101    -66.519   -999.900   -999.900      4.418      0.000   -102.120   -102.120    -65.089    -92.670   -999.900   -999.900
   -107.120    -63.859    -66.531   -999.900   -999.900      2.672      0.000   -107.120   -107.120    -69.801    -92.670   -999.900   -999.900
   -112.120    -64.714    -66.516   -999.900   -999.900      1.802      0.000   -112.120   -112.120    -75.065    -92.670   -999.900   -999.900
   -117.120    -65.004    -66.521   -999.900   -999.900      1.517      0.000   -117.120   -117.120    -80.302    -92.670   -999.900   -999.900
   -122.120    -65.110    -66.522   -999.900   -999.900      1.412      0.000   -122.120   -122.120    -87.686    -92.670   -999.900   -999.900
   -127.120    -65.143    -66.503   -999.900   -999.900      1.360      0.000   -127.120   -127.120    -87.686    -92.670   -999.900   -999.900
   -132.120    -65.164    -66.539   -999.900   -999.900      1.376      0.000   -132.120   -132.120    -87.686    -92.670   -999.900   -999.900
   -132.120    -65.165    -66.538   -999.900   -999.900      1.374      0.000   -132.120   -132.120    -87.686    -92.670   -999.900   -999.900
   -137.120    -65.163    -66.538   -999.900   -999.900      1.374      0.000   -137.120   -137.120    -87.686    -92.670   -999.900   -999.900
   -142.120    -65.162    -66.538   -999.900   -999.900      1.376      0.000   -142.120   -142.120    -87.686    -92.670   -999.900   -999.900
   -147.120    -65.167    -66.540   -999.900   -999.900      1.373      0.000   -147.120   -147.120    -87.686    -92.670   -999.900   -999.900
