    -34.430     -0.644    -63.123   -999.900   -999.900     62.479      0.000    -34.430    -34.430     -0.644    -65.695   -999.900   -999.900
    -39.430     -5.439    -63.503   -999.900   -999.900     58.064      0.000    -39.430    -39.430     -5.439    -66.407   -999.900   -999.900
    -44.430    -10.331    -63.599   -999.900   -999.900     53.269      0.000    -44.430    -44.430    -10.331    -66.598   -999.900   -999.900
    -49.430    -15.273    -63.741   -999.900   -999.900     48.468      0.000    -49.430    -49.430    -15.273    -66.886   -999.900   -999.900
    -54.430    -20.145    -63.842   -999.900   -999.900     43.697      0.000    -54.430    -54.430    -20.145    -67.096   -999.900   -999.900
    -59.430    -24.999    -64.104   -999.900   -999.900     39.104      0.000    -59.430    -59.430    -25.000    -67.669   -999.900   -999.900
    -64.430    -29.974    -63.851   -999.900   -999.900     33.877      0.000    -64.430    -64.430    -29.976    -67.116   -999.900   -999.900
    -69.430    -35.040    -64.066   -999.900   -999.900     29.026      0.000    -69.430    -69.430    -35.044    -67.584   -999.900   -999.900
    -74.430    -40.253    -64.180   -999.900   -999.900     23.927      0.000    -74.430    -74.430    -40.265    -67.845   -999.900   -999.900
    -79.430    -45.940    -64.086   -999.900   -999.900     18.146      0.000    -79.430    -79.430    -45.985    -67.629   -999.900   -999.900
    -84.430    -52.336    -64.115   -999.900   -999.900     11.779      0.000    -84.430    -84.430    -52.535    -67.695   -999.900   -999.900
    -89.430    -61.034    -64.163   -999.900   -999.900      3.129      0.000    -89.430    -89.430    -62.784    -67.805   -999.900   -999.900
    -94.430    -63.451    -63.941   -999.900   -999.900      0.490      0.000    -94.430    -94.430    -67.207    -67.308   -999.900   -999.900
   -119.430    -65.819    -66.625   -999.900   -999.900      0.806      0.000   -119.430   -119.430    -94.173    -67.308   -999.900   -999.900
   -119.430    -65.822    -66.624   -999.900   -999.900      0.803      0.000   -119.430   -119.430    -96.632    -67.308   -999.900   -999.900
   -124.430    -65.825    -66.625   -999.900   -999.900      0.800      0.000   -124.430   -124.430   -107.811    -67.308   -999.900   -999.900
   -129.430    -65.825    -66.621   -999.900   -999.900      0.796      0.000   -129.430   -129.430   -107.811    -67.308   -999.900   -999.900
   -134.430    -65.825    -66.619   -999.900   -999.900      0.794      0.000   -134.430   -134.430   -107.811    -67.308   -999.900   -999.900
