    -34.430     -0.665    -63.310   -999.900   -999.900     62.646      0.000    -34.430    -34.430     -0.665    -66.020   -999.900   -999.900
    -39.430     -5.463    -63.657   -999.900   -999.900     58.194      0.000    -39.430    -39.430     -5.463    -66.691   -999.900   -999.900
    -44.430    -10.353    -64.126   -999.900   -999.900     53.772      0.000    -44.430    -44.430    -10.353    -67.691   -999.900   -999.900
    -49.430    -15.284    -63.990   -999.900   -999.900     48.706      0.000    -49.430    -49.430    -15.284    -67.389   -999.900   -999.900
    -54.430    -20.146    -64.022   -999.900   -999.900     43.875      0.000    -54.430    -54.430    -20.146    -67.458   -999.900   -999.900
    -59.430    -25.031    -64.051   -999.900   -999.900     39.020      0.000    -59.430    -59.430    -25.032    -67.524   -999.900   -999.900
    -64.430    -30.038    -64.151   -999.900   -999.900     34.114      0.000    -64.430    -64.430    -30.039    -67.749   -999.900   -999.900
    -69.430    -35.052    -64.218   -999.900   -999.900     29.166      0.000    -69.430    -69.430    -35.056    -67.904   -999.900   -999.900
    -74.430    -40.344    -63.753   -999.900   -999.900     23.409      0.000    -74.430    -74.430    -40.356    -66.886   -999.900   -999.900
    -79.430    -45.988    -64.096   -999.900   -999.900     18.109      0.000    -79.430    -79.430    -46.033    -67.625   -999.900   -999.900
   -119.430    -65.835    -66.642   -999.900   -999.900      0.806      0.000   -119.430   -119.430   -111.671    -99.655   -999.900   -999.900
   -119.430    -65.830    -66.643   -999.900   -999.900      0.813      0.000   -119.430   -119.430    -94.739   -102.169   -999.900   -999.900
   -124.430    -65.837    -66.645   -999.900   -999.900      0.808      0.000   -124.430   -124.430    -94.739   -102.169   -999.900   -999.900
   -129.430    -65.833    -66.642   -999.900   -999.900      0.809      0.000   -129.430   -129.430    -94.739   -102.169   -999.900   -999.900
   -134.430    -65.836    -66.644   -999.900   -999.900      0.808      0.000   -134.430   -134.430    -94.739   -102.169   -999.900   -999.900
