    -36.030      8.181    -56.208   -999.900   -999.900     64.389      0.000    -36.030    -36.030      8.181    -56.682   -999.900   -999.900
    -38.030      6.853    -58.089   -999.900   -999.900     64.942      0.000    -38.030    -38.030      6.853    -58.842   -999.900   -999.900
    -40.030      5.220    -59.807   -999.900   -999.900     65.028      0.000    -40.030    -40.030      5.220    -60.980   -999.900   -999.900
    -42.030      3.395    -61.491   -999.900   -999.900     64.886      0.000    -42.030    -42.030      3.395    -63.352   -999.900   -999.900
    -44.030      1.503    -62.838   -999.900   -999.900     64.341      0.000    -44.030    -44.030      1.503    -65.640   -999.900   -999.900
    -47.030     -1.398    -64.472   -999.900   -999.900     63.074      0.000    -47.030    -47.030     -1.398    -69.595   -999.900   -999.900
    -52.030     -6.319    -65.879   -999.900   -999.900     59.560      0.000    -52.030    -52.030     -6.319    -79.599   -999.900   -999.900
    -57.030    -11.291    -66.225   -999.900   -999.900     54.934      0.000    -57.030    -57.030    -11.291    -79.599   -999.900   -999.900
    -62.030    -16.262    -66.253   -999.900   -999.900     49.992      0.000    -62.030    -62.030    -16.262    -79.599   -999.900   -999.900
    -67.030    -21.232    -66.169   -999.900   -999.900     44.937      0.000    -67.030    -67.030    -21.232    -79.599   -999.900   -999.900
    -72.030    -26.165    -66.146   -999.900   -999.900     39.981      0.000    -72.030    -72.030    -26.166    -79.599   -999.900   -999.900
    -77.030    -31.146    -66.148   -999.900   -999.900     35.001      0.000    -77.030    -77.030    -31.148    -79.599   -999.900   -999.900
    -82.030    -35.977    -66.113   -999.900   -999.900     30.135      0.000    -82.030    -82.030    -35.984    -79.599   -999.900   -999.900
    -87.030    -40.897    -66.084   -999.900   -999.900     25.187      0.000    -87.030    -87.030    -40.918    -79.599   -999.900   -999.900
    -92.030    -45.611    -66.070   -999.900   -999.900     20.459      0.000    -92.030    -92.030    -45.672    -79.599   -999.900   -999.900
    -97.030    -50.286    -66.046   -999.900   -999.900     15.760      0.000    -97.030    -97.030    -50.466    -79.599   -999.900   -999.900
   -102.030    -54.522    -65.998   -999.900   -999.900     11.477      0.000   -102.030   -102.030    -55.016    -79.599   -999.900   -999.900
   -106.030    -57.618    -65.986   -999.900   -999.900      8.368      0.000   -106.030   -106.030    -58.695    -79.599   -999.900   -999.900
   -110.030    -60.000    -66.033   -999.900   -999.900      6.033      0.000   -110.030   -110.030    -62.077    -79.599   -999.900   -999.900
   -112.030    -61.033    -66.021   -999.900   -999.900      4.989      0.000   -112.030   -112.030    -63.890    -79.599   -999.900   -999.900
   -114.030    -61.774    -66.021   -999.900   -999.900      4.247      0.000   -114.030   -114.030    -65.457    -79.599   -999.900   -999.900
   -116.030    -62.405    -65.750   -999.900   -999.900      3.345      0.000   -116.030   -116.030    -67.103    -79.599   -999.900   -999.900
   -119.030    -63.039    -65.826   -999.900   -999.900      2.787      0.000   -119.030   -119.030    -69.329    -79.599   -999.900   -999.900
   -122.030    -63.499    -65.982   -999.900   -999.900      2.483      0.000   -122.030   -122.030    -71.752    -79.599   -999.900   -999.900
   -127.030    -64.053    -65.810   -999.900   -999.900      1.757      0.000   -127.030   -127.030    -78.782    -79.599   -999.900   -999.900
   -132.030    -64.362    -66.008   -999.900   -999.900      1.646      0.000   -132.030   -132.030    -78.782    -79.599   -999.900   -999.900
   -137.030    -64.365    -65.693   -999.900   -999.900      1.328      0.000   -137.030   -137.030    -78.782    -79.599   -999.900   -999.900
   -142.030    -64.494    -65.788   -999.900   -999.900      1.294      0.000   -142.030   -142.030    -78.782    -79.599   -999.900   -999.900
   -147.030    -64.489    -65.867   -999.900   -999.900      1.378      0.000   -147.030   -147.030    -78.782    -79.599   -999.900   -999.900
   -152.030    -64.990    -66.461   -999.900   -999.900      1.472      0.000   -152.030   -152.030    -78.782    -79.599   -999.900   -999.900
   -152.030    -64.988    -66.459   -999.900   -999.900      1.472      0.000   -152.030   -152.030    -78.782    -79.599   -999.900   -999.900
   -157.030    -64.989    -66.457   -999.900   -999.900      1.468      0.000   -157.030   -157.030    -78.782    -79.599   -999.900   -999.900
   -162.030    -64.990    -66.459   -999.900   -999.900      1.469      0.000   -162.030   -162.030    -78.782    -79.599   -999.900   -999.900
   -167.030    -64.990    -66.459   -999.900   -999.900      1.470      0.000   -167.030   -167.030    -78.782    -79.599   -999.900   -999.900
