    -36.150      5.647    -54.547   -999.900   -999.900     60.194      0.000    -36.150    -36.150      5.647    -55.737   -999.900   -999.900
    -41.150      1.153    -56.209   -999.900   -999.900     57.362      0.000    -41.150    -41.150      1.153    -58.090   -999.900   -999.900
    -46.150     -3.723    -58.570   -999.900   -999.900     54.847      0.000    -46.150    -46.150     -3.723    -62.608   -999.900   -999.900
    -51.150     -8.682    -59.391   -999.900   -999.900     50.710      0.000    -51.150    -51.150     -8.682    -65.100   -999.900   -999.900
    -56.150    -13.580    -59.073   -999.900   -999.900     45.493      0.000    -56.150    -56.150    -13.580    -64.016   -999.900   -999.900
    -61.150    -18.500    -59.009   -999.900   -999.900     40.509      0.000    -61.150    -61.150    -18.500    -63.821   -999.900   -999.900
    -66.150    -23.238    -59.414   -999.900   -999.900     36.176      0.000    -66.150    -66.150    -23.239    -65.186   -999.900   -999.900
    -71.150    -28.095    -59.040   -999.900   -999.900     30.945      0.000    -71.150    -71.150    -28.098    -63.914   -999.900   -999.900
    -76.150    -32.780    -58.988   -999.900   -999.900     26.209      0.000    -76.150    -76.150    -32.788    -63.758   -999.900   -999.900
    -81.930    -39.119    -61.023   -999.900   -999.900     21.904      0.000    -81.930    -81.930    -39.155    -63.758   -999.900   -999.900
    -86.930    -43.923    -61.105   -999.900   -999.900     17.182      0.000    -86.930    -86.930    -44.031    -63.758   -999.900   -999.900
    -91.930    -48.617    -61.059   -999.900   -999.900     12.442      0.000    -91.930    -91.930    -48.943    -63.758   -999.900   -999.900
    -96.930    -53.163    -61.064   -999.900   -999.900      7.901      0.000    -96.930    -96.930    -54.163    -63.758   -999.900   -999.900
   -101.930    -56.662    -60.972   -999.900   -999.900      4.311      0.000   -101.930   -101.930    -59.341    -63.758   -999.900   -999.900
   -106.930    -59.073    -60.961   -999.900   -999.900      1.888      0.000   -106.930   -106.930    -66.112    -63.758   -999.900   -999.900
   -111.930    -60.004    -60.784   -999.900   -999.900      0.780      0.000   -111.930   -111.930    -82.245    -63.758   -999.900   -999.900
   -116.930    -60.058    -60.677   -999.900   -999.900      0.619      0.000   -116.930   -116.930    -82.245    -63.758   -999.900   -999.900
   -116.930    -60.031    -60.671   -999.900   -999.900      0.640      0.000   -116.930   -116.930    -82.245    -63.758   -999.900   -999.900
   -121.930    -60.007    -60.678   -999.900   -999.900      0.670      0.000   -121.930   -121.930    -82.245    -63.758   -999.900   -999.900
   -126.930    -60.022    -60.835   -999.900   -999.900      0.813      0.000   -126.930   -126.930    -82.245    -63.758   -999.900   -999.900
   -131.930    -60.030    -60.894   -999.900   -999.900      0.864      0.000   -131.930   -131.930    -82.245    -63.758   -999.900   -999.900
