    -35.730     -0.429    -72.393   -999.900   -999.900     71.963      0.000    -35.730    -35.730     -0.429    -74.000   -999.900   -999.900
    -40.730     -5.213    -75.112   -999.900   -999.900     69.899      0.000    -40.730    -40.730     -5.213    -78.864   -999.900   -999.900
    -45.730    -10.085    -76.580   -999.900   -999.900     66.495      0.000    -45.730    -45.730    -10.085    -83.816   -999.900   -999.900
    -50.730    -15.006    -77.201   -999.900   -999.900     62.194      0.000    -50.730    -50.730    -15.006    -89.117   -999.900   -999.900
    -55.730    -19.843    -77.412   -999.900   -999.900     57.569      0.000    -55.730    -55.730    -19.843    -94.946   -999.900   -999.900
    -60.730    -24.673    -77.488   -999.900   -999.900     52.814      0.000    -60.730    -60.730    -24.674   -111.354   -999.900   -999.900
    -65.730    -29.506    -77.509   -999.900   -999.900     48.003      0.000    -65.730    -65.730    -29.508   -111.354   -999.900   -999.900
    -70.730    -34.342    -77.525   -999.900   -999.900     43.183      0.000    -70.730    -70.730    -34.347   -111.354   -999.900   -999.900
    -75.730    -39.068    -77.525   -999.900   -999.900     38.457      0.000    -75.730    -75.730    -39.083   -111.354   -999.900   -999.900
    -81.680    -45.841    -77.497   -999.900   -999.900     31.656      0.000    -81.680    -81.680    -45.912   -111.354   -999.900   -999.900
    -86.680    -50.753    -77.518   -999.900   -999.900     26.766      0.000    -86.680    -86.680    -50.978   -111.354   -999.900   -999.900
    -91.680    -55.673    -77.513   -999.900   -999.900     21.840      0.000    -91.680    -91.680    -56.414   -111.354   -999.900   -999.900
    -96.680    -59.631    -77.511   -999.900   -999.900     17.880      0.000    -96.680    -96.680    -61.781   -111.354   -999.900   -999.900
   -101.680    -62.793    -77.479   -999.900   -999.900     14.686      0.000   -101.680   -101.680    -69.974   -111.354   -999.900   -999.900
   -106.680    -63.736    -77.505   -999.900   -999.900     13.769      0.000   -106.680   -106.680    -69.974   -111.354   -999.900   -999.900
   -111.680    -64.008    -77.500   -999.900   -999.900     13.492      0.000   -111.680   -111.680    -69.974   -111.354   -999.900   -999.900
   -116.680    -63.854    -77.496   -999.900   -999.900     13.642      0.000   -116.680   -116.680    -69.974   -111.354   -999.900   -999.900
   -121.680    -63.526    -77.485   -999.900   -999.900     13.959      0.000   -121.680   -121.680    -69.974   -111.354   -999.900   -999.900
   -121.680    -63.439    -77.479   -999.900   -999.900     14.040      0.000   -121.680   -121.680    -69.974   -111.354   -999.900   -999.900
   -126.680    -63.464    -77.488   -999.900   -999.900     14.024      0.000   -126.680   -126.680    -69.974   -111.354   -999.900   -999.900
   -131.680    -63.467    -77.496   -999.900   -999.900     14.030      0.000   -131.680   -131.680    -69.974   -111.354   -999.900   -999.900
   -136.680    -64.670    -77.492   -999.900   -999.900     12.822      0.000   -136.680   -136.680    -69.974   -111.354   -999.900   -999.900
