    -56.710    -15.543    -61.443   -999.900   -999.900     45.900      0.000    -56.710    -56.710    -15.543      0.000   -999.900   -999.900
    -61.710    -20.489    -61.324   -999.900   -999.900     40.834      0.000    -61.710    -61.710    -20.490      0.000   -999.900   -999.900
    -66.710    -25.489    -61.250   -999.900   -999.900     35.761      0.000    -66.710    -66.710    -25.491      0.000   -999.900   -999.900
    -71.710    -30.531    -61.280   -999.900   -999.900     30.749      0.000    -71.710    -71.710    -30.536      0.000   -999.900   -999.900
    -76.710    -35.299    -61.314   -999.900   -999.900     26.015      0.000    -76.710    -76.710    -35.315      0.000   -999.900   -999.900
    -81.710    -39.919    -61.368   -999.900   -999.900     21.448      0.000    -81.710    -81.710    -39.964      0.000   -999.900   -999.900
    -86.710    -44.513    -61.430   -999.900   -999.900     16.917      0.000    -86.710    -86.710    -44.643      0.000   -999.900   -999.900
    -91.710    -49.070    -61.451   -999.900   -999.900     12.381      0.000    -91.710    -91.710    -49.451      0.000   -999.900   -999.900
    -96.710    -53.244    -61.475   -999.900   -999.900      8.230      0.000    -96.710    -96.710    -54.324      0.000   -999.900   -999.900
   -101.710    -56.500    -61.451   -999.900   -999.900      4.951      0.000   -101.710   -101.710    -59.222      0.000   -999.900   -999.900
   -106.710    -58.489    -61.411   -999.900   -999.900      2.922      0.000   -106.710   -106.710    -64.273      0.000   -999.900   -999.900
   -111.710    -59.340    -61.334   -999.900   -999.900      1.995      0.000   -111.710   -111.710    -69.141      0.000   -999.900   -999.900
   -116.710    -59.626    -61.259   -999.900   -999.900      1.633      0.000   -116.710   -116.710    -73.228      0.000   -999.900   -999.900
   -121.710    -59.845    -61.284   -999.900   -999.900      1.439      0.000   -121.710   -121.710    -73.228      0.000   -999.900   -999.900
   -121.710    -59.850    -61.304   -999.900   -999.900      1.454      0.000   -121.710   -121.710    -73.228      0.000   -999.900   -999.900
   -126.710    -59.860    -61.315   -999.900   -999.900      1.455      0.000   -126.710   -126.710    -73.228      0.000   -999.900   -999.900
   -131.710    -59.866    -61.300   -999.900   -999.900      1.434      0.000   -131.710   -131.710    -73.228      0.000   -999.900   -999.900
   -136.710    -59.877    -61.312   -999.900   -999.900      1.435      0.000   -136.710   -136.710    -73.228      0.000   -999.900   -999.900
