    -56.710    -15.829    -61.261   -999.900   -999.900     45.432      0.000    -56.710    -56.710    -15.829    -74.596   -999.900   -999.900
    -61.710    -20.526    -61.241   -999.900   -999.900     40.715      0.000    -61.710    -61.710    -20.526    -74.188   -999.900   -999.900
    -66.710    -25.496    -61.298   -999.900   -999.900     35.802      0.000    -66.710    -66.710    -25.498    -75.475   -999.900   -999.900
    -71.710    -30.535    -61.366   -999.900   -999.900     30.831      0.000    -71.710    -71.710    -30.540    -77.748   -999.900   -999.900
    -76.710    -35.546    -61.420   -999.900   -999.900     25.874      0.000    -76.710    -76.710    -35.561    -81.096   -999.900   -999.900
    -81.710    -40.283    -61.450   -999.900   -999.900     21.167      0.000    -81.710    -81.710    -40.328    -85.413   -999.900   -999.900
    -86.710    -45.041    -61.462   -999.900   -999.900     16.421      0.000    -86.710    -86.710    -45.179    -90.912   -999.900   -999.900
    -91.710    -49.415    -61.348   -999.900   -999.900     11.932      0.000    -91.710    -91.710    -49.804    -77.009   -999.900   -999.900
    -96.710    -53.429    -61.232   -999.900   -999.900      7.802      0.000    -96.710    -96.710    -54.485    -74.007   -999.900   -999.900
   -101.710    -56.710    -61.231   -999.900   -999.900      4.522      0.000   -101.710   -101.710    -59.381    -74.003   -999.900   -999.900
   -106.710    -58.660    -61.302   -999.900   -999.900      2.642      0.000   -106.710   -106.710    -64.187    -75.586   -999.900   -999.900
   -111.710    -59.612    -61.359   -999.900   -999.900      1.747      0.000   -111.710   -111.710    -69.459    -77.446   -999.900   -999.900
   -116.710    -59.960    -61.424   -999.900   -999.900      1.465      0.000   -116.710   -116.710    -75.351    -81.533   -999.900   -999.900
   -121.710    -60.114    -61.457   -999.900   -999.900      1.343      0.000   -121.710   -121.710    -75.351    -87.835   -999.900   -999.900
   -121.710    -60.120    -61.467   -999.900   -999.900      1.347      0.000   -121.710   -121.710    -75.351   -100.726   -999.900   -999.900
   -126.710    -60.121    -61.476   -999.900   -999.900      1.355      0.000   -126.710   -126.710    -75.351   -100.726   -999.900   -999.900
   -131.710    -60.110    -61.490   -999.900   -999.900      1.381      0.000   -131.710   -131.710    -75.351   -100.726   -999.900   -999.900
   -136.710    -60.101    -61.488   -999.900   -999.900      1.388      0.000   -136.710   -136.710    -75.351   -100.726   -999.900   -999.900
