    -35.670    -59.918      4.614   -999.900   -999.900    -64.532      0.000    -35.670    -35.670      0.000      4.614   -999.900   -999.900
    -40.670    -60.491      0.041   -999.900   -999.900    -60.532      0.000    -40.670    -40.670      0.000      0.041   -999.900   -999.900
    -45.670    -60.447     -4.828   -999.900   -999.900    -55.619      0.000    -45.670    -45.670      0.000     -4.828   -999.900   -999.900
    -50.670    -60.303     -9.774   -999.900   -999.900    -50.529      0.000    -50.670    -50.670      0.000     -9.774   -999.900   -999.900
    -55.670    -60.122    -14.689   -999.900   -999.900    -45.432      0.000    -55.670    -55.670      0.000    -14.690   -999.900   -999.900
    -60.670    -59.886    -19.568   -999.900   -999.900    -40.318      0.000    -60.670    -60.670      0.000    -19.569   -999.900   -999.900
    -65.670    -59.720    -24.347   -999.900   -999.900    -35.373      0.000    -65.670    -65.670      0.000    -24.351   -999.900   -999.900
    -70.670    -59.566    -29.254   -999.900   -999.900    -30.313      0.000    -70.670    -70.670      0.000    -29.267   -999.900   -999.900
    -75.670    -59.406    -34.323   -999.900   -999.900    -25.083      0.000    -75.670    -75.670      0.000    -34.365   -999.900   -999.900
    -82.520    -59.299    -39.468   -999.900   -999.900    -19.830      0.000    -82.520    -82.520      0.000    -39.606   -999.900   -999.900
    -87.520    -59.259    -44.698   -999.900   -999.900    -14.560      0.000    -87.520    -87.520      0.000    -45.176   -999.900   -999.900
    -92.520    -59.194    -49.824   -999.900   -999.900     -9.370      0.000    -92.520    -92.520      0.000    -51.622   -999.900   -999.900
    -97.520    -59.130    -54.700   -999.900   -999.900     -4.430      0.000    -97.520    -97.520      0.000    -51.622   -999.900   -999.900
   -102.520    -59.088    -54.673   -999.900   -999.900     -4.416      0.000   -102.520   -102.520      0.000    -51.622   -999.900   -999.900
   -107.520    -59.058    -54.638   -999.900   -999.900     -4.420      0.000   -107.520   -107.520      0.000    -51.622   -999.900   -999.900
   -112.520    -59.022    -54.590   -999.900   -999.900     -4.432      0.000   -112.520   -112.520      0.000    -51.622   -999.900   -999.900
   -117.520    -58.991    -54.549   -999.900   -999.900     -4.442      0.000   -117.520   -117.520      0.000    -51.622   -999.900   -999.900
   -122.520    -58.955    -54.521   -999.900   -999.900     -4.434      0.000   -122.520   -122.520      0.000    -51.622   -999.900   -999.900
   -122.520    -58.933    -54.515   -999.900   -999.900     -4.418      0.000   -122.520   -122.520      0.000    -51.622   -999.900   -999.900
   -127.520    -58.921    -54.516   -999.900   -999.900     -4.405      0.000   -127.520   -127.520      0.000    -51.622   -999.900   -999.900
   -132.520    -58.904    -54.510   -999.900   -999.900     -4.393      0.000   -132.520   -132.520      0.000    -51.622   -999.900   -999.900
   -137.520    -58.882    -54.518   -999.900   -999.900     -4.364      0.000   -137.520   -137.520      0.000    -51.622   -999.900   -999.900
