    -35.670      4.494    -60.176   -999.900   -999.900     64.670      0.000    -35.670    -35.670      4.494    -70.557   -999.900   -999.900
    -40.670      0.084    -60.325   -999.900   -999.900     60.409      0.000    -40.670    -40.670      0.084    -72.550   -999.900   -999.900
    -45.670     -4.762    -60.240   -999.900   -999.900     55.478      0.000    -45.670    -45.670     -4.762    -71.313   -999.900   -999.900
    -50.670     -9.725    -60.182   -999.900   -999.900     50.457      0.000    -50.670    -50.670     -9.725    -70.620   -999.900   -999.900
    -55.670    -14.624    -60.044   -999.900   -999.900     45.420      0.000    -55.670    -55.670    -14.624    -69.297   -999.900   -999.900
    -60.670    -19.493    -59.913   -999.900   -999.900     40.420      0.000    -60.670    -60.670    -19.493    -68.301   -999.900   -999.900
    -65.670    -24.365    -59.816   -999.900   -999.900     35.451      0.000    -65.670    -65.670    -24.366    -67.671   -999.900   -999.900
    -70.670    -29.113    -59.717   -999.900   -999.900     30.604      0.000    -70.670    -70.670    -29.116    -67.097   -999.900   -999.900
    -75.670    -33.808    -59.637   -999.900   -999.900     25.829      0.000    -75.670    -75.670    -33.818    -66.678   -999.900   -999.900
    -82.520    -40.203    -60.255   -999.900   -999.900     20.052      0.000    -82.520    -82.520    -40.248    -71.509   -999.900   -999.900
    -87.520    -44.939    -60.443   -999.900   -999.900     15.504      0.000    -87.520    -87.520    -45.073    -75.125   -999.900   -999.900
    -92.520    -49.597    -60.637   -999.900   -999.900     11.041      0.000    -92.520    -92.520    -50.002    -75.125   -999.900   -999.900
    -97.520    -53.701    -60.775   -999.900   -999.900      7.074      0.000    -97.520    -97.520    -54.832    -75.125   -999.900   -999.900
   -102.520    -56.882    -60.926   -999.900   -999.900      4.044      0.000   -102.520   -102.520    -59.697    -75.125   -999.900   -999.900
   -107.520    -58.699    -60.959   -999.900   -999.900      2.260      0.000   -107.520   -107.520    -64.303    -75.125   -999.900   -999.900
   -112.520    -59.590    -60.873   -999.900   -999.900      1.284      0.000   -112.520   -112.520    -69.165    -75.125   -999.900   -999.900
   -117.520    -59.919    -60.750   -999.900   -999.900      0.831      0.000   -117.520   -117.520    -73.877    -75.125   -999.900   -999.900
   -122.520    -60.109    -60.653   -999.900   -999.900      0.543      0.000   -122.520   -122.520    -73.877    -75.125   -999.900   -999.900
   -122.520    -60.118    -60.606   -999.900   -999.900      0.487      0.000   -122.520   -122.520    -73.877    -75.125   -999.900   -999.900
   -127.520    -60.138    -60.576   -999.900   -999.900      0.439      0.000   -127.520   -127.520    -73.877    -75.125   -999.900   -999.900
   -132.520    -60.145    -60.511   -999.900   -999.900      0.366      0.000   -132.520   -132.520    -73.877    -75.125   -999.900   -999.900
   -137.520    -60.158    -60.470   -999.900   -999.900      0.312      0.000   -137.520   -137.520    -73.877    -75.125   -999.900   -999.900
