    -81.680    -47.460    -66.622   -999.900   -999.900     19.163      0.000    -81.680    -81.680    -47.524    -83.615   -999.900   -999.900
    -86.680    -52.441    -66.631   -999.900   -999.900     14.190      0.000    -86.680    -86.680    -52.645    -84.051   -999.900   -999.900
    -91.680    -57.348    -66.626   -999.900   -999.900      9.278      0.000    -91.680    -91.680    -58.015    -83.796   -999.900   -999.900
    -96.680    -61.333    -66.630   -999.900   -999.900      5.296      0.000    -96.680    -96.680    -63.245    -83.990   -999.900   -999.900
   -101.680    -64.217    -66.589   -999.900   -999.900      2.372      0.000   -101.680   -101.680    -69.326    -82.210   -999.900   -999.900
   -106.680    -64.953    -66.632   -999.900   -999.900      1.679      0.000   -106.680   -106.680    -72.384    -84.121   -999.900   -999.900
   -111.680    -65.591    -66.627   -999.900   -999.900      1.037      0.000   -111.680   -111.680    -78.505    -83.875   -999.900   -999.900
   -116.680    -65.558    -66.650   -999.900   -999.900      1.092      0.000   -116.680   -116.680    -77.911    -85.303   -999.900   -999.900
   -121.680    -65.872    -66.724   -999.900   -999.900      0.852      0.000   -121.680   -121.680    -77.911    -85.303   -999.900   -999.900
   -121.680    -65.875    -66.719   -999.900   -999.900      0.845      0.000   -121.680   -121.680    -77.911    -85.303   -999.900   -999.900
   -126.680    -65.872    -66.722   -999.900   -999.900      0.850      0.000   -126.680   -126.680    -77.911    -85.303   -999.900   -999.900
   -131.680    -65.872    -66.725   -999.900   -999.900      0.853      0.000   -131.680   -131.680    -77.911    -85.303   -999.900   -999.900
   -136.680    -65.871    -66.720   -999.900   -999.900      0.849      0.000   -136.680   -136.680    -77.911    -85.303   -999.900   -999.900
