    -81.680    -47.440    -66.643   -999.900   -999.900     19.203      0.000    -81.680    -81.680    -47.504    -85.613   -999.900   -999.900
    -86.680    -52.306    -66.635   -999.900   -999.900     14.328      0.000    -86.680    -86.680    -52.505    -85.008   -999.900   -999.900
    -91.680    -57.393    -66.623   -999.900   -999.900      9.230      0.000    -91.680    -91.680    -58.070    -84.291   -999.900   -999.900
    -96.680    -61.586    -66.638   -999.900   -999.900      5.052      0.000    -96.680    -96.680    -63.656    -85.225   -999.900   -999.900
   -101.680    -64.031    -66.592   -999.900   -999.900      2.561      0.000   -101.680   -101.680    -68.788    -82.771   -999.900   -999.900
   -106.680    -65.573    -66.547   -999.900   -999.900      0.974      0.000   -106.680   -106.680    -78.517    -81.212   -999.900   -999.900
   -111.680    -65.605    -66.586   -999.900   -999.900      0.981      0.000   -111.680   -111.680    -79.190    -82.522   -999.900   -999.900
   -116.680    -65.431    -66.617   -999.900   -999.900      1.186      0.000   -116.680   -116.680    -76.325    -83.918   -999.900   -999.900
   -121.680    -65.879    -66.713   -999.900   -999.900      0.834      0.000   -121.680   -121.680    -76.325    -83.918   -999.900   -999.900
   -121.680    -65.876    -66.717   -999.900   -999.900      0.842      0.000   -121.680   -121.680    -76.325    -83.918   -999.900   -999.900
   -126.680    -65.878    -66.714   -999.900   -999.900      0.835      0.000   -126.680   -126.680    -76.325    -83.918   -999.900   -999.900
   -131.680    -65.875    -66.715   -999.900   -999.900      0.840      0.000   -131.680   -131.680    -76.325    -83.918   -999.900   -999.900
   -136.680    -65.878    -66.715   -999.900   -999.900      0.837      0.000   -136.680   -136.680    -76.325    -83.918   -999.900   -999.900
