    -56.710    -17.337    -61.768   -999.900   -999.900     44.431      0.000    -56.710    -56.710    -17.337    -81.734   -999.900   -999.900
    -61.710    -22.200    -61.791   -999.900   -999.900     39.591      0.000    -61.710    -61.710    -22.200    -84.969   -999.900   -999.900
    -66.710    -27.104    -61.777   -999.900   -999.900     34.673      0.000    -66.710    -66.710    -27.106    -82.778   -999.900   -999.900
    -71.710    -32.133    -61.778   -999.900   -999.900     29.645      0.000    -71.710    -71.710    -32.138    -82.869   -999.900   -999.900
    -76.710    -36.993    -61.768   -999.900   -999.900     24.775      0.000    -76.710    -76.710    -37.010    -81.814   -999.900   -999.900
    -81.710    -41.599    -61.790   -999.900   -999.900     20.190      0.000    -81.710    -81.710    -41.649    -84.744   -999.900   -999.900
    -86.710    -46.312    -61.812   -999.900   -999.900     15.500      0.000    -86.710    -86.710    -46.462    -84.744   -999.900   -999.900
    -91.710    -50.824    -61.793   -999.900   -999.900     10.969      0.000    -91.710    -91.710    -51.263    -84.744   -999.900   -999.900
    -96.710    -54.826    -61.784   -999.900   -999.900      6.958      0.000    -96.710    -96.710    -56.026    -84.744   -999.900   -999.900
   -101.710    -57.997    -61.788   -999.900   -999.900      3.791      0.000   -101.710   -101.710    -61.016    -84.744   -999.900   -999.900
   -106.710    -59.774    -61.807   -999.900   -999.900      2.033      0.000   -106.710   -106.710    -65.872    -84.744   -999.900   -999.900
   -111.710    -60.613    -61.784   -999.900   -999.900      1.171      0.000   -111.710   -111.710    -71.330    -84.744   -999.900   -999.900
   -116.710    -60.918    -61.803   -999.900   -999.900      0.884      0.000   -116.710   -116.710    -78.339    -84.744   -999.900   -999.900
   -121.710    -61.016    -61.822   -999.900   -999.900      0.806      0.000   -121.710   -121.710    -78.339    -84.744   -999.900   -999.900
   -121.710    -61.013    -61.819   -999.900   -999.900      0.805      0.000   -121.710   -121.710    -78.339    -84.744   -999.900   -999.900
   -126.710    -61.012    -61.802   -999.900   -999.900      0.790      0.000   -126.710   -126.710    -78.339    -84.744   -999.900   -999.900
   -131.710    -61.014    -61.817   -999.900   -999.900      0.803      0.000   -131.710   -131.710    -78.339    -84.744   -999.900   -999.900
   -136.710    -61.014    -61.807   -999.900   -999.900      0.792      0.000   -136.710   -136.710    -78.339    -84.744   -999.900   -999.900
