    -27.030      8.073    -46.147   -999.900   -999.900     54.219      0.000    -27.030    -27.030      8.073    -46.263   -999.900   -999.900
    -29.030      6.720    -48.771   -999.900   -999.900     55.491      0.000    -29.030    -29.030      6.720    -48.987   -999.900   -999.900
    -31.030      5.066    -51.372   -999.900   -999.900     56.438      0.000    -31.030    -31.030      5.066    -51.772   -999.900   -999.900
    -33.030      3.202    -54.053   -999.900   -999.900     57.255      0.000    -33.030    -33.030      3.202    -54.827   -999.900   -999.900
    -35.030      1.299    -56.748   -999.900   -999.900     58.047      0.000    -35.030    -35.030      1.299    -58.320   -999.900   -999.900
    -38.030     -1.619    -61.247   -999.900   -999.900     59.627      0.000    -38.030    -38.030     -1.619    -69.647   -999.900   -999.900
    -43.030     -6.518    -65.849   -999.900   -999.900     59.331      0.000    -43.030    -43.030     -6.518    -69.647   -999.900   -999.900
    -48.030    -11.485    -64.016   -999.900   -999.900     52.532      0.000    -48.030    -48.030    -11.485    -69.647   -999.900   -999.900
    -53.030    -16.417    -62.738   -999.900   -999.900     46.321      0.000    -53.030    -53.030    -16.417    -69.647   -999.900   -999.900
    -58.030    -21.393    -60.778   -999.900   -999.900     39.385      0.000    -58.030    -58.030    -21.393    -69.647   -999.900   -999.900
    -63.030    -26.337    -60.261   -999.900   -999.900     33.924      0.000    -63.030    -63.030    -26.338    -69.647   -999.900   -999.900
    -68.030    -31.345    -59.951   -999.900   -999.900     28.607      0.000    -68.030    -68.030    -31.347    -69.647   -999.900   -999.900
    -73.030    -36.230    -59.950   -999.900   -999.900     23.719      0.000    -73.030    -73.030    -36.236    -69.647   -999.900   -999.900
    -78.030    -41.212    -60.149   -999.900   -999.900     18.937      0.000    -78.030    -78.030    -41.230    -69.647   -999.900   -999.900
    -83.030    -46.010    -60.517   -999.900   -999.900     14.508      0.000    -83.030    -83.030    -46.065    -69.647   -999.900   -999.900
    -88.030    -50.833    -60.264   -999.900   -999.900      9.431      0.000    -88.030    -88.030    -51.004    -69.647   -999.900   -999.900
    -93.030    -55.216    -60.332   -999.900   -999.900      5.117      0.000    -93.030    -93.030    -55.702    -69.647   -999.900   -999.900
    -97.030    -58.499    -60.252   -999.900   -999.900      1.753      0.000    -97.030    -97.030    -59.610    -69.647   -999.900   -999.900
   -101.030    -61.041    -59.971   -999.900   -999.900     -1.069      0.000   -101.030   -101.030    -63.297    -69.647   -999.900   -999.900
   -103.030    -62.138    -59.887   -999.900   -999.900     -2.250      0.000   -103.030   -103.030    -65.341    -69.647   -999.900   -999.900
   -105.030    -62.894    -59.914   -999.900   -999.900     -2.980      0.000   -105.030   -105.030    -67.107    -69.647   -999.900   -999.900
   -107.030    -63.501    -59.680   -999.900   -999.900     -3.821      0.000   -107.030   -107.030    -68.940    -69.647   -999.900   -999.900
   -110.030    -64.134    -60.156   -999.900   -999.900     -3.978      0.000   -110.030   -110.030    -71.734    -69.647   -999.900   -999.900
   -113.030    -64.460    -59.807   -999.900   -999.900     -4.654      0.000   -113.030   -113.030    -74.072    -69.647   -999.900   -999.900
   -118.030    -64.772    -60.170   -999.900   -999.900     -4.602      0.000   -118.030   -118.030    -78.423    -69.647   -999.900   -999.900
   -123.030    -64.927    -60.241   -999.900   -999.900     -4.686      0.000   -123.030   -123.030    -85.784    -69.647   -999.900   -999.900
   -128.030    -64.943    -60.165   -999.900   -999.900     -4.778      0.000   -128.030   -128.030    -88.373    -69.647   -999.900   -999.900
   -133.030    -64.971    -60.177   -999.900   -999.900     -4.794      0.000   -133.030   -133.030    -88.373    -69.647   -999.900   -999.900
   -138.030    -64.971    -60.196   -999.900   -999.900     -4.774      0.000   -138.030   -138.030    -88.373    -69.647   -999.900   -999.900
   -143.030    -64.979    -59.362   -999.900   -999.900     -5.618      0.000   -143.030   -143.030    -88.373    -69.647   -999.900   -999.900
   -148.030    -65.013    -66.512   -999.900   -999.900      1.499      0.000   -148.030   -148.030    -88.373    -69.647   -999.900   -999.900
   -148.030    -65.008    -66.509   -999.900   -999.900      1.501      0.000   -148.030   -148.030    -88.373    -69.647   -999.900   -999.900
   -153.030    -65.004    -66.511   -999.900   -999.900      1.507      0.000   -153.030   -153.030    -88.373    -69.647   -999.900   -999.900
   -158.030    -65.010    -66.504   -999.900   -999.900      1.495      0.000   -158.030   -158.030    -88.373    -69.647   -999.900   -999.900
   -163.030    -65.003    -66.502   -999.900   -999.900      1.499      0.000   -163.030   -163.030    -88.373    -69.647   -999.900   -999.900
