    -56.680    -21.847    -65.885   -999.900   -999.900     44.038      0.000    -56.680    -56.680    -21.847    -73.334   -999.900   -999.900
    -61.680    -26.772    -65.882   -999.900   -999.900     39.110      0.000    -61.680    -61.680    -26.772    -73.317   -999.900   -999.900
    -66.680    -31.762    -66.003   -999.900   -999.900     34.241      0.000    -66.680    -66.680    -31.763    -74.033   -999.900   -999.900
    -71.680    -36.870    -65.926   -999.900   -999.900     29.056      0.000    -71.680    -71.680    -36.875    -73.569   -999.900   -999.900
    -76.680    -42.076    -65.946   -999.900   -999.900     23.869      0.000    -76.680    -76.680    -42.095    -73.684   -999.900   -999.900
    -81.680    -47.591    -66.115   -999.900   -999.900     18.525      0.000    -81.680    -81.680    -47.656    -74.805   -999.900   -999.900
    -86.680    -53.508    -65.735   -999.900   -999.900     12.227      0.000    -86.680    -86.680    -53.768    -72.560   -999.900   -999.900
    -91.680    -60.249    -65.787   -999.900   -999.900      5.538      0.000    -91.680    -91.680    -61.643    -72.815   -999.900   -999.900
    -96.680    -65.106    -65.709   -999.900   -999.900      0.603      0.000    -96.680    -96.680    -73.077    -72.438   -999.900   -999.900
   -101.680    -64.453    -65.839   -999.900   -999.900      1.386      0.000   -101.680   -101.680    -70.029    -73.088   -999.900   -999.900
   -106.680    -62.407    -65.800   -999.900   -999.900      3.393      0.000   -106.680   -106.680    -65.015    -72.885   -999.900   -999.900
   -111.680    -61.124    -65.716   -999.900   -999.900      4.592      0.000   -111.680   -111.680    -62.902    -72.469   -999.900   -999.900
   -116.680    -60.761    -65.924   -999.900   -999.900      5.163      0.000   -116.680   -116.680    -62.366    -73.554   -999.900   -999.900
   -121.680    -65.859    -66.748   -999.900   -999.900      0.889      0.000   -121.680   -121.680    -99.511    -73.554   -999.900   -999.900
   -121.680    -65.860    -66.748   -999.900   -999.900      0.889      0.000   -121.680   -121.680   -100.733    -73.554   -999.900   -999.900
   -126.680    -65.859    -66.746   -999.900   -999.900      0.887      0.000   -126.680   -126.680    -98.731    -73.554   -999.900   -999.900
   -131.680    -65.864    -66.747   -999.900   -999.900      0.883      0.000   -131.680   -131.680    -98.731    -73.554   -999.900   -999.900
   -136.680    -65.864    -66.742   -999.900   -999.900      0.877      0.000   -136.680   -136.680    -98.731    -73.554   -999.900   -999.900
