    -38.620      4.390    -59.246   -999.900   -999.900     63.636      0.000    -38.620    -38.620      4.390    -65.510   -999.900   -999.900
    -43.620     -0.039    -59.940   -999.900   -999.900     59.900      0.000    -43.620    -43.620     -0.039    -69.762   -999.900   -999.900
    -48.620     -4.754    -60.343   -999.900   -999.900     55.589      0.000    -48.620    -48.620     -4.754    -78.055   -999.900   -999.900
    -53.620     -9.657    -60.710   -999.900   -999.900     51.052      0.000    -53.620    -53.620     -9.657    -78.055   -999.900   -999.900
    -58.620    -14.591    -60.902   -999.900   -999.900     46.310      0.000    -58.620    -58.620    -14.592    -78.055   -999.900   -999.900
    -63.620    -19.466    -61.018   -999.900   -999.900     41.552      0.000    -63.620    -63.620    -19.466    -78.055   -999.900   -999.900
    -68.620    -24.406    -61.055   -999.900   -999.900     36.649      0.000    -68.620    -68.620    -24.408    -78.055   -999.900   -999.900
    -73.620    -29.202    -60.998   -999.900   -999.900     31.796      0.000    -73.620    -73.620    -29.206    -78.055   -999.900   -999.900
    -78.620    -33.981    -60.885   -999.900   -999.900     26.904      0.000    -78.620    -78.620    -33.992    -78.055   -999.900   -999.900
    -84.460    -40.308    -60.826   -999.900   -999.900     20.519      0.000    -84.460    -84.460    -40.354    -78.055   -999.900   -999.900
    -89.460    -45.004    -61.053   -999.900   -999.900     16.049      0.000    -89.460    -89.460    -45.142    -78.055   -999.900   -999.900
    -94.460    -49.464    -61.112   -999.900   -999.900     11.648      0.000    -94.460    -94.460    -49.860    -78.055   -999.900   -999.900
    -99.460    -53.375    -61.014   -999.900   -999.900      7.639      0.000    -99.460    -99.460    -54.424    -78.055   -999.900   -999.900
   -104.460    -56.566    -60.928   -999.900   -999.900      4.362      0.000   -104.460   -104.460    -59.142    -78.055   -999.900   -999.900
   -109.460    -58.587    -60.786   -999.900   -999.900      2.198      0.000   -109.460   -109.460    -64.004    -78.055   -999.900   -999.900
   -114.460    -59.581    -60.635   -999.900   -999.900      1.054      0.000   -114.460   -114.460    -69.401    -78.055   -999.900   -999.900
   -119.460    -59.973    -60.473   -999.900   -999.900      0.501      0.000   -119.460   -119.460    -77.067    -78.055   -999.900   -999.900
   -119.460    -59.980    -60.433   -999.900   -999.900      0.453      0.000   -119.460   -119.460    -77.437    -78.055   -999.900   -999.900
   -124.460    -60.002    -60.410   -999.900   -999.900      0.407      0.000   -124.460   -124.460    -78.886    -78.055   -999.900   -999.900
   -129.460    -60.073    -60.388   -999.900   -999.900      0.315      0.000   -129.460   -129.460    -78.886    -78.055   -999.900   -999.900
   -134.460    -60.273    -60.384   -999.900   -999.900      0.111      0.000   -134.460   -134.460    -78.886    -78.055   -999.900   -999.900
