    -27.030      8.073    -63.551   -999.900   -999.900     71.624      0.000    -27.030    -27.030      8.073    -66.621   -999.900   -999.900
    -29.030      6.721    -64.487   -999.900   -999.900     71.208      0.000    -29.030    -29.030      6.721    -68.791   -999.900   -999.900
    -31.030      5.067    -65.173   -999.900   -999.900     70.240      0.000    -31.030    -31.030      5.067    -70.960   -999.900   -999.900
    -33.030      3.210    -65.623   -999.900   -999.900     68.833      0.000    -33.030    -33.030      3.210    -72.991   -999.900   -999.900
    -35.030      1.309    -65.936   -999.900   -999.900     67.245      0.000    -35.030    -35.030      1.309    -75.062   -999.900   -999.900
    -38.030     -1.594    -66.205   -999.900   -999.900     64.610      0.000    -38.030    -38.030     -1.594    -77.991   -999.900   -999.900
    -43.030     -6.500    -66.393   -999.900   -999.900     59.893      0.000    -43.030    -43.030     -6.500    -82.430   -999.900   -999.900
    -48.030    -11.469    -66.462   -999.900   -999.900     54.992      0.000    -48.030    -48.030    -11.469    -86.743   -999.900   -999.900
    -53.030    -16.400    -66.485   -999.900   -999.900     50.086      0.000    -53.030    -53.030    -16.400    -90.484   -999.900   -999.900
    -58.030    -21.370    -66.495   -999.900   -999.900     45.125      0.000    -58.030    -58.030    -21.370    -94.132   -999.900   -999.900
    -63.030    -26.281    -66.499   -999.900   -999.900     40.218      0.000    -63.030    -63.030    -26.281    -97.808   -999.900   -999.900
    -68.030    -31.287    -66.499   -999.900   -999.900     35.212      0.000    -68.030    -68.030    -31.289    -97.448   -999.900   -999.900
    -73.030    -36.141    -66.494   -999.900   -999.900     30.353      0.000    -73.030    -73.030    -36.147    -93.857   -999.900   -999.900
    -78.030    -41.128    -66.488   -999.900   -999.900     25.359      0.000    -78.030    -78.030    -41.146    -91.184   -999.900   -999.900
    -83.030    -45.959    -66.489   -999.900   -999.900     20.530      0.000    -83.030    -83.030    -46.014    -91.682   -999.900   -999.900
    -88.030    -50.786    -66.488   -999.900   -999.900     15.702      0.000    -88.030    -88.030    -50.956    -91.334   -999.900   -999.900
    -93.030    -55.113    -66.493   -999.900   -999.900     11.380      0.000    -93.030    -93.030    -55.587    -93.207   -999.900   -999.900
    -97.030    -58.422    -66.497   -999.900   -999.900      8.075      0.000    -97.030    -97.030    -59.511    -95.356   -999.900   -999.900
   -101.030    -60.920    -66.505   -999.900   -999.900      5.585      0.000   -101.030   -101.030    -63.096    -95.356   -999.900   -999.900
   -103.030    -62.061    -66.510   -999.900   -999.900      4.450      0.000   -103.030   -103.030    -65.180    -95.356   -999.900   -999.900
   -105.030    -62.822    -66.500   -999.900   -999.900      3.678      0.000   -105.030   -105.030    -66.918    -95.356   -999.900   -999.900
   -107.030    -63.461    -66.496   -999.900   -999.900      3.035      0.000   -107.030   -107.030    -68.799    -95.356   -999.900   -999.900
   -110.030    -64.060    -66.491   -999.900   -999.900      2.430      0.000   -110.030   -110.030    -71.322    -95.356   -999.900   -999.900
   -113.030    -64.474    -66.498   -999.900   -999.900      2.024      0.000   -113.030   -113.030    -74.192    -95.356   -999.900   -999.900
   -118.030    -64.781    -66.499   -999.900   -999.900      1.718      0.000   -118.030   -118.030    -78.621    -95.356   -999.900   -999.900
   -123.030    -64.894    -66.501   -999.900   -999.900      1.607      0.000   -123.030   -123.030    -82.874    -95.356   -999.900   -999.900
   -128.030    -64.958    -66.505   -999.900   -999.900      1.547      0.000   -128.030   -128.030    -93.356    -95.356   -999.900   -999.900
   -133.030    -64.966    -66.508   -999.900   -999.900      1.542      0.000   -133.030   -133.030    -93.356    -95.356   -999.900   -999.900
   -138.030    -64.980    -66.504   -999.900   -999.900      1.524      0.000   -138.030   -138.030    -93.356    -95.356   -999.900   -999.900
   -143.030    -64.985    -66.500   -999.900   -999.900      1.515      0.000   -143.030   -143.030    -93.356    -95.356   -999.900   -999.900
   -148.030    -65.007    -66.499   -999.900   -999.900      1.491      0.000   -148.030   -148.030    -93.356    -95.356   -999.900   -999.900
   -148.030    -65.009    -66.502   -999.900   -999.900      1.493      0.000   -148.030   -148.030    -93.356    -95.356   -999.900   -999.900
   -153.030    -65.010    -66.501   -999.900   -999.900      1.491      0.000   -153.030   -153.030    -93.356    -95.356   -999.900   -999.900
   -158.030    -65.010    -66.505   -999.900   -999.900      1.495      0.000   -158.030   -158.030    -93.356    -95.356   -999.900   -999.900
   -163.030    -65.011    -66.504   -999.900   -999.900      1.494      0.000   -163.030   -163.030    -93.356    -95.356   -999.900   -999.900
