    -56.520    -65.024    -66.210   -999.900   -999.900      1.187      0.000    -56.520    -56.520    -93.329      0.000   -999.900   -999.900
    -61.520    -65.022    -65.926   -999.900   -999.900      0.904      0.000    -61.520    -61.520    -92.442      0.000   -999.900   -999.900
    -66.520    -65.023    -66.021   -999.900   -999.900      0.998      0.000    -66.520    -66.520    -93.168      0.000   -999.900   -999.900
    -71.520    -65.029    -66.171   -999.900   -999.900      1.142      0.000    -71.520    -71.520   -101.018      0.000   -999.900   -999.900
    -76.520    -65.029    -66.114   -999.900   -999.900      1.084      0.000    -76.520    -76.520   -103.215      0.000   -999.900   -999.900
    -81.520    -65.021    -66.211   -999.900   -999.900      1.190      0.000    -81.520    -81.520    -91.851      0.000   -999.900   -999.900
    -86.520    -65.015    -65.978   -999.900   -999.900      0.963      0.000    -86.520    -86.520    -89.653      0.000   -999.900   -999.900
    -91.520    -65.020    -66.166   -999.900   -999.900      1.146      0.000    -91.520    -91.520    -91.505      0.000   -999.900   -999.900
    -96.520    -65.018    -66.250   -999.900   -999.900      1.232      0.000    -96.520    -96.520    -90.555      0.000   -999.900   -999.900
   -101.520    -65.026    -66.022   -999.900   -999.900      0.996      0.000   -101.520   -101.520    -95.536      0.000   -999.900   -999.900
   -106.520    -65.022    -66.182   -999.900   -999.900      1.160      0.000   -106.520   -106.520    -92.335      0.000   -999.900   -999.900
   -111.520    -65.026    -66.041   -999.900   -999.900      1.014      0.000   -111.520   -111.520    -95.859      0.000   -999.900   -999.900
   -116.520    -65.028    -66.272   -999.900   -999.900      1.244      0.000   -116.520   -116.520    -98.634      0.000   -999.900   -999.900
   -121.520    -65.030    -65.978   -999.900   -999.900      0.948      0.000   -121.520   -121.520    -98.634      0.000   -999.900   -999.900
   -126.520    -65.027    -65.963   -999.900   -999.900      0.936      0.000   -126.520   -126.520    -98.634      0.000   -999.900   -999.900
   -131.520    -65.027    -66.026   -999.900   -999.900      0.999      0.000   -131.520   -131.520    -98.634      0.000   -999.900   -999.900
   -136.520    -65.025    -66.063   -999.900   -999.900      1.038      0.000   -136.520   -136.520    -98.634      0.000   -999.900   -999.900
   -141.520    -65.038    -66.161   -999.900   -999.900      1.124      0.000   -141.520   -141.520    -98.634      0.000   -999.900   -999.900
   -146.520    -65.032    -66.067   -999.900   -999.900      1.036      0.000   -146.520   -146.520    -98.634      0.000   -999.900   -999.900
   -151.520    -65.025    -65.902   -999.900   -999.900      0.877      0.000   -151.520   -151.520    -98.634      0.000   -999.900   -999.900
   -156.520    -65.031    -65.676   -999.900   -999.900      0.645      0.000   -156.520   -156.520    -98.634      0.000   -999.900   -999.900
   -156.520    -65.029    -65.883   -999.900   -999.900      0.854      0.000   -156.520   -156.520    -98.634      0.000   -999.900   -999.900
   -161.520    -65.032    -66.067   -999.900   -999.900      1.035      0.000   -161.520   -161.520    -98.634      0.000   -999.900   -999.900
   -166.520    -65.036    -65.865   -999.900   -999.900      0.829      0.000   -166.520   -166.520    -98.634      0.000   -999.900   -999.900
   -171.520    -65.031    -66.015   -999.900   -999.900      0.983      0.000   -171.520   -171.520    -98.634      0.000   -999.900   -999.900
