    -56.680    -21.774    -66.307   -999.900   -999.900     44.534      0.000    -56.680    -56.680    -21.774    -77.065   -999.900   -999.900
    -61.680    -26.659    -66.389   -999.900   -999.900     39.731      0.000    -61.680    -61.680    -26.659    -78.164   -999.900   -999.900
    -66.680    -31.598    -66.391   -999.900   -999.900     34.793      0.000    -66.680    -66.680    -31.600    -78.194   -999.900   -999.900
    -71.680    -36.610    -66.458   -999.900   -999.900     29.848      0.000    -71.680    -71.680    -36.616    -79.340   -999.900   -999.900
    -76.680    -41.600    -66.433   -999.900   -999.900     24.832      0.000    -76.680    -76.680    -41.617    -78.868   -999.900   -999.900
    -81.680    -46.655    -66.394   -999.900   -999.900     19.739      0.000    -81.680    -81.680    -46.710    -78.229   -999.900   -999.900
    -86.680    -51.915    -66.379   -999.900   -999.900     14.464      0.000    -86.680    -86.680    -52.101    -78.009   -999.900   -999.900
    -91.680    -57.514    -66.253   -999.900   -999.900      8.738      0.000    -91.680    -91.680    -58.232    -76.456   -999.900   -999.900
    -96.680    -62.156    -66.411   -999.900   -999.900      4.255      0.000    -96.680    -96.680    -64.702    -78.500   -999.900   -999.900
   -101.680    -64.955    -66.414   -999.900   -999.900      1.460      0.000   -101.680   -101.680    -73.057    -78.553   -999.900   -999.900
   -106.680    -65.527    -66.437   -999.900   -999.900      0.910      0.000   -106.680   -106.680    -79.989    -78.939   -999.900   -999.900
   -111.680    -64.858    -66.421   -999.900   -999.900      1.563      0.000   -111.680   -111.680    -72.466    -78.663   -999.900   -999.900
   -116.680    -64.872    -66.431   -999.900   -999.900      1.559      0.000   -116.680   -116.680    -72.548    -78.835   -999.900   -999.900
   -121.680    -65.858    -66.723   -999.900   -999.900      0.865      0.000   -121.680   -121.680    -72.548    -78.835   -999.900   -999.900
   -121.680    -65.869    -66.745   -999.900   -999.900      0.876      0.000   -121.680   -121.680    -72.548    -78.835   -999.900   -999.900
   -126.680    -65.870    -66.743   -999.900   -999.900      0.873      0.000   -126.680   -126.680    -72.548    -78.835   -999.900   -999.900
   -131.680    -65.869    -66.747   -999.900   -999.900      0.877      0.000   -131.680   -131.680    -72.548    -78.835   -999.900   -999.900
   -136.680    -65.873    -66.749   -999.900   -999.900      0.876      0.000   -136.680   -136.680    -72.548    -78.835   -999.900   -999.900
