    -35.730     -1.058    -71.549   -999.900   -999.900     70.491      0.000    -35.730    -35.730     -1.058    -74.462   -999.900   -999.900
    -40.730     -5.843    -73.380   -999.900   -999.900     67.536      0.000    -40.730    -40.730     -5.843    -79.314   -999.900   -999.900
    -45.730    -10.736    -74.253   -999.900   -999.900     63.517      0.000    -45.730    -45.730    -10.736    -84.752   -999.900   -999.900
    -50.730    -15.640    -74.632   -999.900   -999.900     58.991      0.000    -50.730    -50.730    -15.640    -96.728   -999.900   -999.900
    -55.730    -20.499    -74.753   -999.900   -999.900     54.255      0.000    -55.730    -55.730    -20.499    -96.728   -999.900   -999.900
    -60.730    -25.323    -74.706   -999.900   -999.900     49.383      0.000    -60.730    -60.730    -25.324    -96.728   -999.900   -999.900
    -65.730    -30.224    -74.766   -999.900   -999.900     44.542      0.000    -65.730    -65.730    -30.226    -96.728   -999.900   -999.900
    -70.730    -35.133    -74.788   -999.900   -999.900     39.655      0.000    -70.730    -70.730    -35.137    -96.728   -999.900   -999.900
    -75.730    -40.100    -74.811   -999.900   -999.900     34.711      0.000    -75.730    -75.730    -40.113    -96.728   -999.900   -999.900
    -81.680    -46.324    -74.785   -999.900   -999.900     28.461      0.000    -81.680    -81.680    -46.380    -96.728   -999.900   -999.900
    -86.680    -51.221    -74.782   -999.900   -999.900     23.561      0.000    -86.680    -86.680    -51.397    -96.728   -999.900   -999.900
    -91.680    -56.065    -74.723   -999.900   -999.900     18.658      0.000    -91.680    -91.680    -56.623    -96.728   -999.900   -999.900
    -96.680    -60.440    -74.765   -999.900   -999.900     14.325      0.000    -96.680    -96.680    -62.181    -96.728   -999.900   -999.900
   -101.680    -63.567    -74.731   -999.900   -999.900     11.164      0.000   -101.680   -101.680    -68.496    -96.728   -999.900   -999.900
   -106.680    -65.310    -74.769   -999.900   -999.900      9.459      0.000   -106.680   -106.680    -68.496    -96.728   -999.900   -999.900
   -111.680    -65.705    -74.685   -999.900   -999.900      8.980      0.000   -111.680   -111.680    -68.496    -96.728   -999.900   -999.900
   -116.680    -65.531    -74.677   -999.900   -999.900      9.146      0.000   -116.680   -116.680    -68.496    -96.728   -999.900   -999.900
   -121.680    -64.787    -74.689   -999.900   -999.900      9.902      0.000   -121.680   -121.680    -68.496    -96.728   -999.900   -999.900
   -121.680    -64.879    -74.650   -999.900   -999.900      9.771      0.000   -121.680   -121.680    -68.496    -96.728   -999.900   -999.900
   -126.680    -64.633    -74.650   -999.900   -999.900     10.017      0.000   -126.680   -126.680    -68.496    -96.728   -999.900   -999.900
   -131.680    -65.928    -74.637   -999.900   -999.900      8.709      0.000   -131.680   -131.680    -68.496    -96.728   -999.900   -999.900
   -136.680    -65.955    -74.648   -999.900   -999.900      8.693      0.000   -136.680   -136.680    -68.496    -96.728   -999.900   -999.900
