    -35.730     -8.868    -72.790   -999.900   -999.900     63.923      0.000    -35.730    -35.730     -8.868    -77.557   -999.900   -999.900
    -40.730    -12.937    -73.044   -999.900   -999.900     60.106      0.000    -40.730    -40.730    -12.937    -78.366   -999.900   -999.900
    -45.730    -17.846    -73.217   -999.900   -999.900     55.370      0.000    -45.730    -45.730    -17.846    -78.986   -999.900   -999.900
    -50.730    -22.764    -73.253   -999.900   -999.900     50.488      0.000    -50.730    -50.730    -22.764    -79.123   -999.900   -999.900
    -55.730    -27.627    -73.264   -999.900   -999.900     45.637      0.000    -55.730    -55.730    -27.627    -79.167   -999.900   -999.900
    -60.730    -32.452    -73.848   -999.900   -999.900     41.396      0.000    -60.730    -60.730    -32.452    -82.090   -999.900   -999.900
    -65.730    -37.313    -73.823   -999.900   -999.900     36.509      0.000    -65.730    -65.730    -37.314    -81.922   -999.900   -999.900
    -70.730    -42.211    -73.797   -999.900   -999.900     31.586      0.000    -70.730    -70.730    -42.215    -81.759   -999.900   -999.900
    -75.730    -47.126    -73.851   -999.900   -999.900     26.725      0.000    -75.730    -75.730    -47.138    -82.113   -999.900   -999.900
    -81.680    -53.903    -74.423   -999.900   -999.900     20.520      0.000    -81.680    -81.680    -53.958    -89.728   -999.900   -999.900
    -86.680    -59.088    -74.458   -999.900   -999.900     15.369      0.000    -86.680    -86.680    -59.271    -91.074   -999.900   -999.900
    -91.680    -64.367    -74.478   -999.900   -999.900     10.111      0.000    -91.680    -91.680    -65.015    -92.135   -999.900   -999.900
    -96.680    -69.867    -74.471   -999.900   -999.900      4.604      0.000    -96.680    -96.680    -72.808    -91.724   -999.900   -999.900
   -101.680    -73.532    -74.457   -999.900   -999.900      0.925      0.000   -101.680   -101.680    -72.808    -91.041   -999.900   -999.900
   -106.680    -74.213    -74.484   -999.900   -999.900      0.271      0.000   -106.680   -106.680    -72.808    -92.484   -999.900   -999.900
   -111.680    -73.657    -74.469   -999.900   -999.900      0.813      0.000   -111.680   -111.680    -72.808    -91.635   -999.900   -999.900
   -116.680    -73.008    -74.458   -999.900   -999.900      1.450      0.000   -116.680   -116.680    -72.808    -91.093   -999.900   -999.900
   -121.680    -73.145    -74.458   -999.900   -999.900      1.313      0.000   -121.680   -121.680    -72.808    -91.103   -999.900   -999.900
   -121.680    -71.650    -74.486   -999.900   -999.900      2.836      0.000   -121.680   -121.680    -72.808    -92.637   -999.900   -999.900
   -126.680    -71.821    -74.503   -999.900   -999.900      2.682      0.000   -126.680   -126.680    -72.808    -93.870   -999.900   -999.900
   -131.680    -74.456    -74.711   -999.900   -999.900      0.255      0.000   -131.680   -131.680    -72.808    -93.870   -999.900   -999.900
   -136.680    -74.459    -74.712   -999.900   -999.900      0.253      0.000   -136.680   -136.680    -72.808    -93.870   -999.900   -999.900
