    -35.670      4.417    -60.020   -999.900   -999.900     64.438      0.000    -35.670    -35.670      4.417    -68.980   -999.900   -999.900
    -40.670     -0.182    -60.537   -999.900   -999.900     60.355      0.000    -40.670    -40.670     -0.182    -78.293   -999.900   -999.900
    -45.670     -4.894    -60.833   -999.900   -999.900     55.939      0.000    -45.670    -45.670     -4.894    -78.293   -999.900   -999.900
    -50.670     -9.651    -61.020   -999.900   -999.900     51.369      0.000    -50.670    -50.670     -9.651    -78.293   -999.900   -999.900
    -55.670    -14.474    -61.117   -999.900   -999.900     46.643      0.000    -55.670    -55.670    -14.474    -78.293   -999.900   -999.900
    -60.670    -19.376    -61.063   -999.900   -999.900     41.687      0.000    -60.670    -60.670    -19.376    -78.293   -999.900   -999.900
    -65.670    -24.273    -60.946   -999.900   -999.900     36.673      0.000    -65.670    -65.670    -24.274    -78.293   -999.900   -999.900
    -70.670    -29.212    -60.795   -999.900   -999.900     31.583      0.000    -70.670    -70.670    -29.216    -78.293   -999.900   -999.900
    -75.670    -34.345    -60.599   -999.900   -999.900     26.254      0.000    -75.670    -75.670    -34.356    -78.293   -999.900   -999.900
    -82.520    -40.251    -59.412   -999.900   -999.900     19.161      0.000    -82.520    -82.520    -40.296    -78.293   -999.900   -999.900
    -87.520    -44.963    -59.373   -999.900   -999.900     14.410      0.000    -87.520    -87.520    -45.098    -78.293   -999.900   -999.900
    -92.520    -49.741    -59.335   -999.900   -999.900      9.593      0.000    -92.520    -92.520    -50.161    -78.293   -999.900   -999.900
    -97.520    -53.996    -59.420   -999.900   -999.900      5.424      0.000    -97.520    -97.520    -55.219    -78.293   -999.900   -999.900
   -102.520    -57.280    -59.649   -999.900   -999.900      2.369      0.000   -102.520   -102.520    -60.493    -78.293   -999.900   -999.900
   -107.520    -59.163    -59.919   -999.900   -999.900      0.755      0.000   -107.520   -107.520    -66.298    -78.293   -999.900   -999.900
   -112.520    -59.894    -60.148   -999.900   -999.900      0.254      0.000   -112.520   -112.520    -73.307    -78.293   -999.900   -999.900
   -117.520    -60.074    -60.364   -999.900   -999.900      0.290      0.000   -117.520   -117.520    -82.826    -78.293   -999.900   -999.900
   -122.520    -60.091    -60.561   -999.900   -999.900      0.471      0.000   -122.520   -122.520    -88.332    -78.293   -999.900   -999.900
   -122.520    -60.095    -60.608   -999.900   -999.900      0.513      0.000   -122.520   -122.520    -94.376    -78.293   -999.900   -999.900
   -127.520    -60.101    -60.655   -999.900   -999.900      0.554      0.000   -127.520   -127.520    -94.376    -78.293   -999.900   -999.900
   -132.520    -60.110    -60.717   -999.900   -999.900      0.607      0.000   -132.520   -132.520    -94.376    -78.293   -999.900   -999.900
   -137.520    -60.112    -60.769   -999.900   -999.900      0.657      0.000   -137.520   -137.520    -94.376    -78.293   -999.900   -999.900
