    -36.030      8.167    -55.701   -999.900   -999.900     63.868      0.000    -36.030    -36.030      8.167    -56.086   -999.900   -999.900
    -38.030      6.842    -57.376   -999.900   -999.900     64.218      0.000    -38.030    -38.030      6.842    -57.954   -999.900   -999.900
    -40.030      5.206    -58.999   -999.900   -999.900     64.205      0.000    -40.030    -40.030      5.206    -59.867   -999.900   -999.900
    -42.030      3.380    -60.654   -999.900   -999.900     64.034      0.000    -42.030    -42.030      3.380    -61.993   -999.900   -999.900
    -44.030      1.484    -62.078   -999.900   -999.900     63.563      0.000    -44.030    -44.030      1.484    -64.073   -999.900   -999.900
    -47.030     -1.423    -63.837   -999.900   -999.900     62.415      0.000    -47.030    -47.030     -1.423    -67.326   -999.900   -999.900
    -52.030     -6.342    -65.506   -999.900   -999.900     59.164      0.000    -52.030    -52.030     -6.342    -72.740   -999.900   -999.900
    -57.030    -11.319    -66.163   -999.900   -999.900     54.844      0.000    -57.030    -57.030    -11.319    -78.623   -999.900   -999.900
    -62.030    -16.266    -66.375   -999.900   -999.900     50.109      0.000    -62.030    -62.030    -16.266    -86.534   -999.900   -999.900
    -67.030    -21.236    -66.422   -999.900   -999.900     45.186      0.000    -67.030    -67.030    -21.236    -86.534   -999.900   -999.900
    -72.030    -26.162    -66.428   -999.900   -999.900     40.267      0.000    -72.030    -72.030    -26.162    -86.534   -999.900   -999.900
    -77.030    -31.143    -66.374   -999.900   -999.900     35.232      0.000    -77.030    -77.030    -31.145    -86.534   -999.900   -999.900
    -82.030    -35.957    -66.329   -999.900   -999.900     30.372      0.000    -82.030    -82.030    -35.963    -86.534   -999.900   -999.900
    -87.030    -40.877    -66.314   -999.900   -999.900     25.438      0.000    -87.030    -87.030    -40.897    -86.534   -999.900   -999.900
    -92.030    -45.542    -66.295   -999.900   -999.900     20.753      0.000    -92.030    -92.030    -45.600    -86.534   -999.900   -999.900
    -97.030    -50.209    -66.328   -999.900   -999.900     16.120      0.000    -97.030    -97.030    -50.381    -86.534   -999.900   -999.900
   -102.030    -54.366    -66.313   -999.900   -999.900     11.947      0.000   -102.030   -102.030    -54.831    -86.534   -999.900   -999.900
   -106.030    -57.484    -66.338   -999.900   -999.900      8.854      0.000   -106.030   -106.030    -58.497    -86.534   -999.900   -999.900
   -110.030    -59.968    -66.377   -999.900   -999.900      6.409      0.000   -110.030   -110.030    -61.965    -86.534   -999.900   -999.900
   -112.030    -61.029    -66.380   -999.900   -999.900      5.351      0.000   -112.030   -112.030    -63.791    -86.534   -999.900   -999.900
   -114.030    -61.807    -66.349   -999.900   -999.900      4.542      0.000   -114.030   -114.030    -65.402    -86.534   -999.900   -999.900
   -116.030    -62.505    -66.370   -999.900   -999.900      3.865      0.000   -116.030   -116.030    -67.205    -86.534   -999.900   -999.900
   -119.030    -63.173    -66.370   -999.900   -999.900      3.196      0.000   -119.030   -119.030    -69.577    -86.534   -999.900   -999.900
   -122.030    -63.556    -66.376   -999.900   -999.900      2.820      0.000   -122.030   -122.030    -71.572    -86.534   -999.900   -999.900
   -127.030    -64.217    -66.410   -999.900   -999.900      2.193      0.000   -127.030   -127.030    -81.316    -86.534   -999.900   -999.900
   -132.030    -64.397    -66.381   -999.900   -999.900      1.984      0.000   -132.030   -132.030    -81.316    -86.534   -999.900   -999.900
   -137.030    -64.541    -66.393   -999.900   -999.900      1.852      0.000   -137.030   -137.030    -81.316    -86.534   -999.900   -999.900
   -142.030    -64.595    -66.386   -999.900   -999.900      1.790      0.000   -142.030   -142.030    -81.316    -86.534   -999.900   -999.900
   -147.030    -64.604    -66.386   -999.900   -999.900      1.782      0.000   -147.030   -147.030    -81.316    -86.534   -999.900   -999.900
   -152.030    -64.638    -66.384   -999.900   -999.900      1.747      0.000   -152.030   -152.030    -81.316    -86.534   -999.900   -999.900
   -157.030    -64.989    -66.479   -999.900   -999.900      1.490      0.000   -157.030   -157.030    -81.316    -86.534   -999.900   -999.900
   -157.030    -64.992    -66.471   -999.900   -999.900      1.479      0.000   -157.030   -157.030    -81.316    -86.534   -999.900   -999.900
   -162.030    -64.994    -66.478   -999.900   -999.900      1.484      0.000   -162.030   -162.030    -81.316    -86.534   -999.900   -999.900
   -167.030    -64.992    -66.477   -999.900   -999.900      1.485      0.000   -167.030   -167.030    -81.316    -86.534   -999.900   -999.900
   -172.030    -64.995    -66.477   -999.900   -999.900      1.482      0.000   -172.030   -172.030    -81.316    -86.534   -999.900   -999.900
