    -35.730     -7.530    -72.192   -999.900   -999.900     64.662      0.000    -35.730    -35.730     -7.530    -89.483   -999.900   -999.900
    -40.730    -12.255    -72.367   -999.900   -999.900     60.113      0.000    -40.730    -40.730    -12.255    -89.483   -999.900   -999.900
    -45.730    -17.105    -72.388   -999.900   -999.900     55.283      0.000    -45.730    -45.730    -17.105    -89.483   -999.900   -999.900
    -50.730    -22.003    -72.380   -999.900   -999.900     50.377      0.000    -50.730    -50.730    -22.003    -89.483   -999.900   -999.900
    -55.730    -26.833    -72.373   -999.900   -999.900     45.540      0.000    -55.730    -55.730    -26.833    -89.483   -999.900   -999.900
    -60.730    -31.642    -72.357   -999.900   -999.900     40.715      0.000    -60.730    -60.730    -31.642    -89.483   -999.900   -999.900
    -65.730    -36.498    -72.338   -999.900   -999.900     35.840      0.000    -65.730    -65.730    -36.500    -89.483   -999.900   -999.900
    -70.730    -41.334    -72.360   -999.900   -999.900     31.026      0.000    -70.730    -70.730    -41.338    -89.483   -999.900   -999.900
    -75.730    -46.230    -72.358   -999.900   -999.900     26.129      0.000    -75.730    -75.730    -46.243    -89.483   -999.900   -999.900
    -81.680    -53.026    -72.295   -999.900   -999.900     19.270      0.000    -81.680    -81.680    -53.089    -89.483   -999.900   -999.900
    -86.680    -57.917    -72.264   -999.900   -999.900     14.347      0.000    -86.680    -86.680    -58.114    -89.483   -999.900   -999.900
    -91.680    -62.803    -72.283   -999.900   -999.900      9.480      0.000    -91.680    -91.680    -63.443    -89.483   -999.900   -999.900
    -96.680    -67.599    -72.284   -999.900   -999.900      4.685      0.000    -96.680    -96.680    -69.912    -89.483   -999.900   -999.900
   -101.680    -70.961    -72.320   -999.900   -999.900      1.359      0.000   -101.680   -101.680    -80.784    -89.483   -999.900   -999.900
   -106.680    -72.340    -72.369   -999.900   -999.900      0.029      0.000   -106.680   -106.680    -80.784    -89.483   -999.900   -999.900
   -111.680    -71.320    -72.381   -999.900   -999.900      1.061      0.000   -111.680   -111.680    -80.784    -89.483   -999.900   -999.900
   -116.680    -71.385    -72.284   -999.900   -999.900      0.899      0.000   -116.680   -116.680    -80.784    -89.483   -999.900   -999.900
   -121.680    -71.393    -72.262   -999.900   -999.900      0.869      0.000   -121.680   -121.680    -80.784    -89.483   -999.900   -999.900
   -121.680    -71.385    -72.260   -999.900   -999.900      0.875      0.000   -121.680   -121.680    -80.784    -89.483   -999.900   -999.900
   -126.680    -71.453    -72.268   -999.900   -999.900      0.814      0.000   -126.680   -126.680    -80.784    -89.483   -999.900   -999.900
   -131.680    -71.502    -72.283   -999.900   -999.900      0.782      0.000   -131.680   -131.680    -80.784    -89.483   -999.900   -999.900
   -136.680    -71.515    -72.284   -999.900   -999.900      0.769      0.000   -136.680   -136.680    -80.784    -89.483   -999.900   -999.900
