    -35.670    -15.958    -59.629   -999.900   -999.900     43.671      0.000    -35.670    -35.670    -15.958    -65.296   -999.900   -999.900
    -40.670    -20.976    -59.479   -999.900   -999.900     38.503      0.000    -40.670    -40.670    -20.977    -64.767   -999.900   -999.900
    -45.670    -25.801    -59.374   -999.900   -999.900     33.573      0.000    -45.670    -45.670    -25.803    -64.422   -999.900   -999.900
    -50.670    -30.626    -59.310   -999.900   -999.900     28.684      0.000    -50.670    -50.670    -30.631    -64.220   -999.900   -999.900
    -55.670    -35.557    -59.223   -999.900   -999.900     23.666      0.000    -55.670    -55.670    -35.572    -63.956   -999.900   -999.900
    -60.670    -40.311    -59.219   -999.900   -999.900     18.908      0.000    -60.670    -60.670    -40.356    -63.945   -999.900   -999.900
    -65.670    -45.107    -59.406   -999.900   -999.900     14.299      0.000    -65.670    -65.670    -45.246    -64.525   -999.900   -999.900
    -70.670    -49.889    -59.664   -999.900   -999.900      9.775      0.000    -70.670    -70.670    -50.320    -65.427   -999.900   -999.900
    -75.670    -54.171    -59.909   -999.900   -999.900      5.738      0.000    -75.670    -75.670    -55.439    -66.432   -999.900   -999.900
    -80.670    -57.376    -60.144   -999.900   -999.900      2.768      0.000    -80.670    -80.670    -60.653    -67.605   -999.900   -999.900
    -85.670    -59.113    -60.404   -999.900   -999.900      1.291      0.000    -85.670    -85.670    -65.897    -69.304   -999.900   -999.900
    -90.670    -59.848    -60.598   -999.900   -999.900      0.750      0.000    -90.670    -90.670    -71.790    -71.103   -999.900   -999.900
    -95.670    -60.068    -60.745   -999.900   -999.900      0.677      0.000    -95.670    -95.670    -78.219    -73.136   -999.900   -999.900
   -100.670    -60.077    -60.834   -999.900   -999.900      0.757      0.000   -100.670   -100.670    -78.850    -75.019   -999.900   -999.900
   -105.670    -60.096    -60.877   -999.900   -999.900      0.781      0.000   -105.670   -105.670    -80.583    -76.316   -999.900   -999.900
   -110.670    -60.113    -60.941   -999.900   -999.900      0.828      0.000   -110.670   -110.670    -83.078    -79.431   -999.900   -999.900
   -115.670    -60.129    -60.978   -999.900   -999.900      0.849      0.000   -115.670   -115.670    -88.731    -83.401   -999.900   -999.900
   -120.670    -60.141    -61.028   -999.900   -999.900      0.887      0.000   -120.670   -120.670    -88.731    -83.401   -999.900   -999.900
