    -81.680    -46.684    -64.642   -999.900   -999.900     17.958      0.000    -81.680    -81.680    -46.740    -69.454   -999.900   -999.900
    -86.680    -52.112    -64.703   -999.900   -999.900     12.591      0.000    -86.680    -86.680    -52.311    -69.640   -999.900   -999.900
    -91.680    -57.731    -64.900   -999.900   -999.900      7.168      0.000    -91.680    -91.680    -58.505    -70.287   -999.900   -999.900
    -96.680    -62.825    -64.817   -999.900   -999.900      1.992      0.000    -96.680    -96.680    -66.082    -70.008   -999.900   -999.900
   -101.680    -65.162    -64.989   -999.900   -999.900     -0.173      0.000   -101.680   -101.680    -75.327    -70.603   -999.900   -999.900
   -106.680    -65.303    -65.061   -999.900   -999.900     -0.243      0.000   -106.680   -106.680    -77.092    -70.871   -999.900   -999.900
   -111.680    -64.781    -64.973   -999.900   -999.900      0.192      0.000   -111.680   -111.680    -72.426    -70.547   -999.900   -999.900
   -116.680    -64.450    -65.099   -999.900   -999.900      0.649      0.000   -116.680   -116.680    -70.779    -71.019   -999.900   -999.900
   -121.680    -65.871    -66.693   -999.900   -999.900      0.822      0.000   -121.680   -121.680    -70.779    -71.019   -999.900   -999.900
   -121.680    -65.872    -66.693   -999.900   -999.900      0.821      0.000   -121.680   -121.680    -70.779    -71.019   -999.900   -999.900
   -126.680    -65.873    -66.689   -999.900   -999.900      0.816      0.000   -126.680   -126.680    -70.779    -71.019   -999.900   -999.900
   -131.680    -65.876    -66.694   -999.900   -999.900      0.818      0.000   -131.680   -131.680    -70.779    -71.019   -999.900   -999.900
   -136.680    -65.872    -66.690   -999.900   -999.900      0.818      0.000   -136.680   -136.680    -70.779    -71.019   -999.900   -999.900
