    -56.680    -15.603    -61.244   -999.900   -999.900     45.641      0.000    -56.680    -56.680    -15.603    -74.421   -999.900   -999.900
    -61.680    -20.567    -61.330   -999.900   -999.900     40.762      0.000    -61.680    -61.680    -20.568    -76.687   -999.900   -999.900
    -66.680    -25.444    -61.362   -999.900   -999.900     35.918      0.000    -66.680    -66.680    -25.446    -77.944   -999.900   -999.900
    -71.680    -30.361    -61.438   -999.900   -999.900     31.077      0.000    -71.680    -71.680    -30.366    -84.794   -999.900   -999.900
    -76.680    -35.252    -61.455   -999.900   -999.900     26.202      0.000    -76.680    -76.680    -35.267    -92.282   -999.900   -999.900
    -81.680    -39.959    -61.489   -999.900   -999.900     21.530      0.000    -81.680    -81.680    -40.003    -92.282   -999.900   -999.900
    -86.680    -44.561    -61.468   -999.900   -999.900     16.907      0.000    -86.680    -86.680    -44.689    -92.282   -999.900   -999.900
    -91.680    -49.055    -61.393   -999.900   -999.900     12.338      0.000    -91.680    -91.680    -49.426    -92.282   -999.900   -999.900
    -96.680    -53.167    -61.280   -999.900   -999.900      8.114      0.000    -96.680    -96.680    -54.195    -92.282   -999.900   -999.900
   -101.680    -56.354    -61.282   -999.900   -999.900      4.928      0.000   -101.680   -101.680    -58.866    -92.282   -999.900   -999.900
   -106.680    -58.450    -61.343   -999.900   -999.900      2.894      0.000   -106.680   -106.680    -63.851    -92.282   -999.900   -999.900
   -111.680    -59.373    -61.340   -999.900   -999.900      1.967      0.000   -111.680   -111.680    -68.589    -92.282   -999.900   -999.900
   -116.680    -59.833    -61.405   -999.900   -999.900      1.572      0.000   -116.680   -116.680    -76.563    -92.282   -999.900   -999.900
   -121.680    -59.969    -61.456   -999.900   -999.900      1.487      0.000   -121.680   -121.680    -76.563    -92.282   -999.900   -999.900
   -121.680    -59.962    -61.466   -999.900   -999.900      1.504      0.000   -121.680   -121.680    -76.563    -92.282   -999.900   -999.900
   -126.680    -59.954    -61.474   -999.900   -999.900      1.521      0.000   -126.680   -126.680    -76.563    -92.282   -999.900   -999.900
   -131.680    -59.933    -61.479   -999.900   -999.900      1.546      0.000   -131.680   -131.680    -76.563    -92.282   -999.900   -999.900
   -136.680    -59.910    -61.468   -999.900   -999.900      1.558      0.000   -136.680   -136.680    -76.563    -92.282   -999.900   -999.900
