    -35.730     -1.275    -72.434   -999.900   -999.900     71.160      0.000    -35.730    -35.730     -1.275    -74.635   -999.900   -999.900
    -40.730     -5.246    -74.389   -999.900   -999.900     69.143      0.000    -40.730    -40.730     -5.246    -78.634   -999.900   -999.900
    -45.730    -10.128    -75.684   -999.900   -999.900     65.556      0.000    -45.730    -45.730    -10.128    -83.653   -999.900   -999.900
    -50.730    -15.037    -76.213   -999.900   -999.900     61.176      0.000    -50.730    -50.730    -15.037    -89.153   -999.900   -999.900
    -55.730    -19.845    -76.373   -999.900   -999.900     56.527      0.000    -55.730    -55.730    -19.846    -94.519   -999.900   -999.900
    -60.730    -24.660    -76.459   -999.900   -999.900     51.799      0.000    -60.730    -60.730    -24.660    -94.519   -999.900   -999.900
    -65.730    -29.551    -76.483   -999.900   -999.900     46.932      0.000    -65.730    -65.730    -29.552    -94.519   -999.900   -999.900
    -70.730    -34.329    -76.446   -999.900   -999.900     42.117      0.000    -70.730    -70.730    -34.332    -94.519   -999.900   -999.900
    -75.730    -39.090    -76.452   -999.900   -999.900     37.363      0.000    -75.730    -75.730    -39.101    -94.519   -999.900   -999.900
    -81.680    -45.963    -76.460   -999.900   -999.900     30.497      0.000    -81.680    -81.680    -46.017    -94.519   -999.900   -999.900
    -86.680    -50.947    -76.498   -999.900   -999.900     25.550      0.000    -86.680    -86.680    -51.119    -94.519   -999.900   -999.900
    -91.680    -56.061    -76.477   -999.900   -999.900     20.416      0.000    -91.680    -91.680    -56.646    -94.519   -999.900   -999.900
    -96.680    -61.043    -76.470   -999.900   -999.900     15.427      0.000    -96.680    -96.680    -63.238    -94.519   -999.900   -999.900
   -101.680    -64.384    -76.442   -999.900   -999.900     12.058      0.000   -101.680   -101.680    -72.805    -94.519   -999.900   -999.900
   -106.680    -65.562    -76.462   -999.900   -999.900     10.900      0.000   -106.680   -106.680    -72.805    -94.519   -999.900   -999.900
   -111.680    -65.463    -76.462   -999.900   -999.900     10.999      0.000   -111.680   -111.680    -72.805    -94.519   -999.900   -999.900
   -116.680    -65.013    -76.446   -999.900   -999.900     11.433      0.000   -116.680   -116.680    -72.805    -94.519   -999.900   -999.900
   -121.680    -64.127    -76.437   -999.900   -999.900     12.310      0.000   -121.680   -121.680    -72.805    -94.519   -999.900   -999.900
   -121.680    -64.332    -76.440   -999.900   -999.900     12.108      0.000   -121.680   -121.680    -72.805    -94.519   -999.900   -999.900
   -126.680    -65.732    -76.439   -999.900   -999.900     10.707      0.000   -126.680   -126.680    -72.805    -94.519   -999.900   -999.900
   -131.680    -65.730    -76.428   -999.900   -999.900     10.698      0.000   -131.680   -131.680    -72.805    -94.519   -999.900   -999.900
   -136.680    -65.736    -76.447   -999.900   -999.900     10.711      0.000   -136.680   -136.680    -72.805    -94.519   -999.900   -999.900
