    -34.300      5.368    -59.594   -999.900   -999.900     64.962      0.000    -34.300    -34.300      5.368    -65.550   -999.900   -999.900
    -39.300      0.820    -60.588   -999.900   -999.900     61.408      0.000    -39.300    -39.300      0.820    -72.685   -999.900   -999.900
    -44.300     -3.901    -60.800   -999.900   -999.900     56.899      0.000    -44.300    -44.300     -3.901    -79.107   -999.900   -999.900
    -49.300     -8.660    -61.068   -999.900   -999.900     52.407      0.000    -49.300    -49.300     -8.660    -79.107   -999.900   -999.900
    -54.300    -13.527    -61.027   -999.900   -999.900     47.499      0.000    -54.300    -54.300    -13.528    -79.107   -999.900   -999.900
    -59.300    -18.408    -60.950   -999.900   -999.900     42.542      0.000    -59.300    -59.300    -18.408    -79.107   -999.900   -999.900
    -64.300    -23.362    -60.876   -999.900   -999.900     37.515      0.000    -64.300    -64.300    -23.363    -79.107   -999.900   -999.900
    -69.300    -28.346    -60.870   -999.900   -999.900     32.523      0.000    -69.300    -69.300    -28.349    -79.107   -999.900   -999.900
    -74.300    -33.290    -60.921   -999.900   -999.900     27.632      0.000    -74.300    -74.300    -33.299    -79.107   -999.900   -999.900
    -80.080    -39.262    -60.869   -999.900   -999.900     21.607      0.000    -80.080    -80.080    -39.298    -79.107   -999.900   -999.900
    -85.080    -43.936    -60.963   -999.900   -999.900     17.027      0.000    -85.080    -85.080    -44.045    -79.107   -999.900   -999.900
    -90.080    -48.666    -61.022   -999.900   -999.900     12.355      0.000    -90.080    -90.080    -48.998    -79.107   -999.900   -999.900
    -95.080    -53.138    -61.064   -999.900   -999.900      7.926      0.000    -95.080    -95.080    -54.137    -79.107   -999.900   -999.900
   -100.080    -56.726    -61.092   -999.900   -999.900      4.365      0.000   -100.080   -100.080    -59.481    -79.107   -999.900   -999.900
   -105.080    -58.977    -61.045   -999.900   -999.900      2.068      0.000   -105.080   -105.080    -65.727    -79.107   -999.900   -999.900
   -110.080    -59.857    -60.943   -999.900   -999.900      1.086      0.000   -110.080   -110.080    -74.526    -79.107   -999.900   -999.900
   -115.080    -60.040    -60.823   -999.900   -999.900      0.783      0.000   -115.080   -115.080    -74.526    -79.107   -999.900   -999.900
   -115.080    -60.035    -60.825   -999.900   -999.900      0.790      0.000   -115.080   -115.080    -74.526    -79.107   -999.900   -999.900
   -120.080    -60.038    -60.867   -999.900   -999.900      0.829      0.000   -120.080   -120.080    -74.526    -79.107   -999.900   -999.900
   -125.080    -60.036    -60.865   -999.900   -999.900      0.829      0.000   -125.080   -125.080    -74.526    -79.107   -999.900   -999.900
   -130.080    -60.042    -60.868   -999.900   -999.900      0.826      0.000   -130.080   -130.080    -74.526    -79.107   -999.900   -999.900
