    -26.700      8.549    -56.226   -999.900   -999.900     64.775      0.000    -26.700    -26.700      8.549    -56.616   -999.900   -999.900
    -28.700      7.533    -57.817   -999.900   -999.900     65.350      0.000    -28.700    -28.700      7.533    -58.390   -999.900   -999.900
    -30.700      6.162    -59.339   -999.900   -999.900     65.502      0.000    -30.700    -30.700      6.162    -60.178   -999.900   -999.900
    -32.700      4.646    -60.756   -999.900   -999.900     65.402      0.000    -32.700    -32.700      4.646    -61.967   -999.900   -999.900
    -34.700      3.049    -61.950   -999.900   -999.900     65.000      0.000    -34.700    -34.700      3.049    -63.627   -999.900   -999.900
    -37.700      0.567    -63.510   -999.900   -999.900     64.077      0.000    -37.700    -37.700      0.567    -66.174   -999.900   -999.900
    -42.700     -3.445    -65.270   -999.900   -999.900     61.824      0.000    -42.700    -42.700     -3.445    -70.323   -999.900   -999.900
    -47.700     -8.406    -66.223   -999.900   -999.900     57.817      0.000    -47.700    -47.700     -8.406    -74.655   -999.900   -999.900
    -52.700    -13.401    -66.633   -999.900   -999.900     53.232      0.000    -52.700    -52.700    -13.401    -78.943   -999.900   -999.900
    -57.700    -18.362    -66.771   -999.900   -999.900     48.409      0.000    -57.700    -57.700    -18.363    -82.252   -999.900   -999.900
    -62.700    -23.329    -66.813   -999.900   -999.900     43.485      0.000    -62.700    -62.700    -23.329    -84.058   -999.900   -999.900
    -67.700    -28.336    -66.824   -999.900   -999.900     38.488      0.000    -67.700    -67.700    -28.337    -84.684   -999.900   -999.900
    -72.700    -33.335    -66.841   -999.900   -999.900     33.506      0.000    -72.700    -72.700    -33.338    -85.847   -999.900   -999.900
    -77.700    -38.303    -66.844   -999.900   -999.900     28.541      0.000    -77.700    -77.700    -38.312    -86.054   -999.900   -999.900
    -82.700    -43.304    -66.843   -999.900   -999.900     23.539      0.000    -82.700    -82.700    -43.335    -85.977   -999.900   -999.900
    -87.700    -47.439    -66.843   -999.900   -999.900     19.404      0.000    -87.700    -87.700    -47.519    -86.016   -999.900   -999.900
    -92.700    -50.862    -66.836   -999.900   -999.900     15.973      0.000    -92.700    -92.700    -51.040    -85.438   -999.900   -999.900
    -96.700    -53.549    -66.845   -999.900   -999.900     13.296      0.000    -96.700    -96.700    -53.884    -86.153   -999.900   -999.900
   -100.700    -56.095    -66.843   -999.900   -999.900     10.748      0.000   -100.700   -100.700    -56.718    -86.011   -999.900   -999.900
   -102.700    -57.160    -66.849   -999.900   -999.900      9.689      0.000   -102.700   -102.700    -57.973    -86.506   -999.900   -999.900
   -104.700    -58.117    -66.853   -999.900   -999.900      8.736      0.000   -104.700   -104.700    -59.156    -86.867   -999.900   -999.900
   -106.700    -58.853    -66.845   -999.900   -999.900      7.992      0.000   -106.700   -106.700    -60.115    -86.167   -999.900   -999.900
   -109.700    -59.836    -66.847   -999.900   -999.900      7.011      0.000   -109.700   -109.700    -61.487    -86.379   -999.900   -999.900
   -112.700    -60.709    -66.838   -999.900   -999.900      6.129      0.000   -112.700   -112.700    -62.832    -85.576   -999.900   -999.900
   -117.700    -63.211    -66.831   -999.900   -999.900      3.621      0.000   -117.700   -117.700    -68.266    -85.130   -999.900   -999.900
   -122.700    -64.414    -66.837   -999.900   -999.900      2.423      0.000   -122.700   -122.700    -74.750    -85.557   -999.900   -999.900
   -127.700    -64.882    -66.838   -999.900   -999.900      1.956      0.000   -127.700   -127.700    -74.750    -85.599   -999.900   -999.900
   -132.700    -65.051    -66.845   -999.900   -999.900      1.794      0.000   -132.700   -132.700    -74.750    -86.144   -999.900   -999.900
   -137.700    -65.087    -66.852   -999.900   -999.900      1.765      0.000   -137.700   -137.700    -74.750    -86.797   -999.900   -999.900
   -142.700    -65.111    -66.849   -999.900   -999.900      1.738      0.000   -142.700   -142.700    -74.750    -86.504   -999.900   -999.900
   -147.700    -65.180    -66.963   -999.900   -999.900      1.783      0.000   -147.700   -147.700    -74.750    -86.504   -999.900   -999.900
   -147.700    -65.179    -66.963   -999.900   -999.900      1.784      0.000   -147.700   -147.700    -74.750    -86.504   -999.900   -999.900
   -152.700    -65.177    -66.963   -999.900   -999.900      1.785      0.000   -152.700   -152.700    -74.750    -86.504   -999.900   -999.900
   -157.700    -65.180    -66.958   -999.900   -999.900      1.778      0.000   -157.700   -157.700    -74.750    -86.504   -999.900   -999.900
   -162.700    -65.177    -66.962   -999.900   -999.900      1.784      0.000   -162.700   -162.700    -74.750    -86.504   -999.900   -999.900
