      5.000    -64.741      4.529   -999.900   -999.900    -69.270      0.000      5.000      5.000    -64.964      4.529   -999.900   -999.900
      0.000    -69.261     -0.477   -999.900   -999.900    -68.784      0.000      0.000      0.000    -69.925     -0.477   -999.900   -999.900
     -5.000    -72.868     -5.500   -999.900   -999.900    -67.368      0.000     -5.000     -5.000    -74.577     -5.500   -999.900   -999.900
    -10.000    -75.842    -10.613   -999.900   -999.900    -65.229      0.000    -10.000    -10.000    -80.344    -10.613   -999.900   -999.900
    -15.000    -76.818    -15.617   -999.900   -999.900    -61.201      0.000    -15.000    -15.000    -83.985    -15.617   -999.900   -999.900
    -20.000    -77.360    -20.624   -999.900   -999.900    -56.736      0.000    -20.000    -20.000    -88.085    -20.624   -999.900   -999.900
    -25.000    -77.489    -25.622   -999.900   -999.900    -51.867      0.000    -25.000    -25.000    -89.928    -25.622   -999.900   -999.900
    -30.000    -78.799    -30.619   -999.900   -999.900    -48.180      0.000    -30.000    -30.000    -89.928    -30.619   -999.900   -999.900
    -35.000    -77.877    -35.612   -999.900   -999.900    -42.265      0.000    -35.000    -35.000    -89.928    -35.612   -999.900   -999.900
    -40.000    -78.152    -40.610   -999.900   -999.900    -37.542      0.000    -40.000    -40.000    -89.928    -40.611   -999.900   -999.900
    -45.000    -77.749    -45.608   -999.900   -999.900    -32.141      0.000    -45.000    -45.000    -89.928    -45.610   -999.900   -999.900
    -50.000    -77.551    -50.618   -999.900   -999.900    -26.933      0.000    -50.000    -50.000    -89.928    -50.623   -999.900   -999.900
    -55.000    -77.536    -55.618   -999.900   -999.900    -21.918      0.000    -55.000    -55.000    -89.928    -55.634   -999.900   -999.900
    -60.000    -78.475    -60.567   -999.900   -999.900    -17.908      0.000    -60.000    -60.000    -89.928    -60.618   -999.900   -999.900
    -65.000    -78.659    -65.473   -999.900   -999.900    -13.186      0.000    -65.000    -65.000    -89.928    -65.634   -999.900   -999.900
    -70.000    -78.617    -70.169   -999.900   -999.900     -8.448      0.000    -70.000    -70.000    -89.928    -70.662   -999.900   -999.900
    -75.000    -78.048    -74.264   -999.900   -999.900     -3.784      0.000    -75.000    -75.000    -89.928    -75.665   -999.900   -999.900
    -80.000    -78.267    -77.288   -999.900   -999.900     -0.979      0.000    -80.000    -80.000    -89.928    -80.787   -999.900   -999.900
    -85.000    -77.589    -78.804   -999.900   -999.900      1.215      0.000    -85.000    -85.000    -89.928    -85.466   -999.900   -999.900
    -90.000    -77.764    -79.509   -999.900   -999.900      1.745      0.000    -90.000    -90.000    -89.928    -90.620   -999.900   -999.900
    -95.000    -77.594    -79.698   -999.900   -999.900      2.104      0.000    -95.000    -95.000    -89.928    -94.088   -999.900   -999.900
   -100.000    -77.700    -79.771   -999.900   -999.900      2.071      0.000   -100.000   -100.000    -89.928    -96.748   -999.900   -999.900
   -105.000    -78.687    -80.027   -999.900   -999.900      1.340      0.000   -105.000   -105.000    -89.928    -96.748   -999.900   -999.900
   -110.000    -77.597    -79.811   -999.900   -999.900      2.214      0.000   -110.000   -110.000    -89.928    -96.748   -999.900   -999.900
   -115.000    -77.744    -79.859   -999.900   -999.900      2.115      0.000   -115.000   -115.000    -89.928    -96.748   -999.900   -999.900
