2022 09 06 11 30 2022 09 06 11 41
2022 09 06 13 46 2022 09 06 13 55
2022 09 06 14 14 2022 09 06 14 19
2022 09 06 16 13 2022 09 06 16 16
2022 09 06 16 21 2022 09 06 16 29
2022 09 06 16 40 2022 09 06 16 50
2022 09 06 16 50 2022 09 06 17 08
2022 09 06 17 16 2022 09 06 17 31
2022 09 06 17 37 2022 09 06 17 47
2022 09 16 13 53 2022 09 16 13 56
2022 09 16 14 52 2022 09 16 15 07
2022 09 16 15 07 2022 09 16 15 15
2022 09 16 16 45 2022 09 16 16 59
2022 09 16 17 07 2022 09 16 17 24
2022 09 16 17 31 2022 09 16 17 37
2022 09 16 17 45 2022 09 16 18 06
2022 09 16 18 18 2022 09 16 18 31
2022 09 26 07 19 2022 09 26 07 33
2022 09 26 07 33 2022 09 26 07 51
2022 09 26 07 51 2022 09 26 07 58
2022 09 26 08 04 2022 09 26 08 18
2022 09 26 08 25 2022 09 26 08 34
2022 09 26 08 56 2022 09 26 09 07
2022 09 26 09 10 2022 09 26 09 27
2022 09 26 09 29 2022 09 26 09 45
2022 09 26 09 45 2022 09 26 10 02
2022 09 26 10 05 2022 09 26 10 21
2022 09 26 10 25 2022 09 26 10 30
2022 09 26 10 42 2022 09 26 10 51
2022 09 26 10 59 2022 09 26 11 04
