    -27.120    -56.119      6.737   -999.900   -999.900    -62.856      0.000    -27.120    -27.120    -56.397      6.737   -999.900   -999.900
    -32.120    -60.226      2.598   -999.900   -999.900    -62.824      0.000    -32.120    -32.120    -60.983      2.598   -999.900   -999.900
    -37.120    -63.660     -2.171   -999.900   -999.900    -61.489      0.000    -37.120    -37.120    -65.550     -2.171   -999.900   -999.900
    -42.120    -65.884     -7.081   -999.900   -999.900    -58.803      0.000    -42.120    -42.120    -69.743     -7.081   -999.900   -999.900
    -47.120    -67.286    -12.067   -999.900   -999.900    -55.220      0.000    -47.120    -47.120    -74.572    -12.067   -999.900   -999.900
    -52.120    -67.847    -17.068   -999.900   -999.900    -50.779      0.000    -52.120    -52.120    -79.103    -17.068   -999.900   -999.900
    -57.120    -68.064    -22.057   -999.900   -999.900    -46.008      0.000    -57.120    -57.120    -83.705    -22.057   -999.900   -999.900
    -62.120    -68.150    -27.029   -999.900   -999.900    -41.121      0.000    -62.120    -62.120    -89.160    -27.029   -999.900   -999.900
    -67.120    -68.167    -32.036   -999.900   -999.900    -36.131      0.000    -67.120    -67.120    -92.099    -32.037   -999.900   -999.900
    -72.120    -68.185    -37.025   -999.900   -999.900    -31.160      0.000    -72.120    -72.120    -92.099    -37.027   -999.900   -999.900
    -77.120    -68.182    -42.000   -999.900   -999.900    -26.182      0.000    -77.120    -77.120    -92.099    -42.007   -999.900   -999.900
    -82.120    -68.170    -47.012   -999.900   -999.900    -21.158      0.000    -82.120    -82.120    -92.099    -47.037   -999.900   -999.900
    -87.120    -68.175    -51.980   -999.900   -999.900    -16.195      0.000    -87.120    -87.120    -92.099    -52.058   -999.900   -999.900
    -92.120    -68.177    -56.738   -999.900   -999.900    -11.439      0.000    -92.120    -92.120    -92.099    -56.976   -999.900   -999.900
    -97.120    -68.177    -61.381   -999.900   -999.900     -6.796      0.000    -97.120    -97.120    -92.099    -62.113   -999.900   -999.900
   -102.120    -68.177    -65.037   -999.900   -999.900     -3.141      0.000   -102.120   -102.120    -92.099    -66.972   -999.900   -999.900
   -107.120    -68.182    -67.449   -999.900   -999.900     -0.733      0.000   -107.120   -107.120    -92.099    -71.729   -999.900   -999.900
   -112.120    -68.181    -68.713   -999.900   -999.900      0.532      0.000   -112.120   -112.120    -92.099    -76.630   -999.900   -999.900
   -117.120    -68.194    -69.218   -999.900   -999.900      1.024      0.000   -117.120   -117.120    -92.099    -81.562   -999.900   -999.900
   -122.120    -68.193    -69.419   -999.900   -999.900      1.226      0.000   -122.120   -122.120    -92.099    -88.054   -999.900   -999.900
   -127.120    -68.190    -69.476   -999.900   -999.900      1.286      0.000   -127.120   -127.120    -92.099   -101.844   -999.900   -999.900
   -132.120    -68.181    -69.542   -999.900   -999.900      1.360      0.000   -132.120   -132.120    -92.099   -101.844   -999.900   -999.900
   -132.120    -68.184    -69.548   -999.900   -999.900      1.364      0.000   -132.120   -132.120    -92.099   -101.844   -999.900   -999.900
   -137.120    -68.180    -69.545   -999.900   -999.900      1.365      0.000   -137.120   -137.120    -92.099   -101.844   -999.900   -999.900
   -142.120    -68.173    -69.543   -999.900   -999.900      1.370      0.000   -142.120   -142.120    -92.099   -101.844   -999.900   -999.900
   -147.120    -68.182    -69.550   -999.900   -999.900      1.368      0.000   -147.120   -147.120    -92.099   -101.844   -999.900   -999.900
