    -26.700    -55.315      6.518   -999.900   -999.900    -61.832      0.000    -26.700    -26.700    -55.551      6.518   -999.900   -999.900
    -28.700    -57.075      5.128   -999.900   -999.900    -62.203      0.000    -28.700    -28.700    -57.435      5.128   -999.900   -999.900
    -30.700    -58.844      3.497   -999.900   -999.900    -62.341      0.000    -30.700    -30.700    -59.397      3.497   -999.900   -999.900
    -32.700    -60.498      1.772   -999.900   -999.900    -62.271      0.000    -32.700    -32.700    -61.333      1.772   -999.900   -999.900
    -34.700    -62.141      0.057   -999.900   -999.900    -62.198      0.000    -34.700    -34.700    -63.420      0.057   -999.900   -999.900
    -37.700    -64.279     -2.633   -999.900   -999.900    -61.647      0.000    -37.700    -37.700    -66.626     -2.633   -999.900   -999.900
    -42.700    -66.610     -6.948   -999.900   -999.900    -59.662      0.000    -42.700    -42.700    -72.046     -6.948   -999.900   -999.900
    -47.700    -67.815    -11.927   -999.900   -999.900    -55.889      0.000    -47.700    -47.700    -80.202    -11.927   -999.900   -999.900
    -52.700    -68.115    -16.918   -999.900   -999.900    -51.197      0.000    -52.700    -52.700    -80.202    -16.918   -999.900   -999.900
    -57.700    -68.130    -21.904   -999.900   -999.900    -46.226      0.000    -57.700    -57.700    -80.202    -21.904   -999.900   -999.900
    -62.700    -68.114    -26.878   -999.900   -999.900    -41.236      0.000    -62.700    -62.700    -80.202    -26.878   -999.900   -999.900
    -67.700    -68.074    -31.894   -999.900   -999.900    -36.180      0.000    -67.700    -67.700    -80.202    -31.895   -999.900   -999.900
    -72.700    -68.053    -36.890   -999.900   -999.900    -31.163      0.000    -72.700    -72.700    -80.202    -36.892   -999.900   -999.900
    -77.700    -68.055    -41.874   -999.900   -999.900    -26.181      0.000    -77.700    -77.700    -80.202    -41.882   -999.900   -999.900
    -82.700    -68.039    -46.888   -999.900   -999.900    -21.151      0.000    -82.700    -82.700    -80.202    -46.911   -999.900   -999.900
    -87.700    -68.025    -51.271   -999.900   -999.900    -16.753      0.000    -87.700    -87.700    -80.202    -51.334   -999.900   -999.900
    -92.700    -68.010    -55.101   -999.900   -999.900    -12.909      0.000    -92.700    -92.700    -80.202    -55.256   -999.900   -999.900
    -96.700    -68.005    -58.127   -999.900   -999.900     -9.878      0.000    -96.700    -96.700    -80.202    -58.443   -999.900   -999.900
   -100.700    -68.006    -60.936   -999.900   -999.900     -7.069      0.000   -100.700   -100.700    -80.202    -61.560   -999.900   -999.900
   -102.700    -68.009    -62.136   -999.900   -999.900     -5.873      0.000   -102.700   -102.700    -80.202    -62.979   -999.900   -999.900
   -104.700    -68.009    -63.285   -999.900   -999.900     -4.725      0.000   -104.700   -104.700    -80.202    -64.419   -999.900   -999.900
   -106.700    -68.015    -64.118   -999.900   -999.900     -3.897      0.000   -106.700   -106.700    -80.202    -65.536   -999.900   -999.900
   -109.700    -68.004    -65.294   -999.900   -999.900     -2.710      0.000   -109.700   -109.700    -80.202    -67.266   -999.900   -999.900
   -112.700    -68.012    -66.210   -999.900   -999.900     -1.802      0.000   -112.700   -112.700    -80.202    -68.814   -999.900   -999.900
   -117.700    -68.012    -68.306   -999.900   -999.900      0.294      0.000   -117.700   -117.700    -80.202    -73.998   -999.900   -999.900
   -122.700    -67.979    -69.318   -999.900   -999.900      1.339      0.000   -122.700   -122.700    -80.202    -80.401   -999.900   -999.900
   -127.700    -67.985    -69.699   -999.900   -999.900      1.715      0.000   -127.700   -127.700    -80.202    -80.401   -999.900   -999.900
   -132.700    -67.990    -69.840   -999.900   -999.900      1.849      0.000   -132.700   -132.700    -80.202    -80.401   -999.900   -999.900
   -137.700    -67.995    -69.883   -999.900   -999.900      1.888      0.000   -137.700   -137.700    -80.202    -80.401   -999.900   -999.900
   -142.700    -67.996    -69.895   -999.900   -999.900      1.899      0.000   -142.700   -142.700    -80.202    -80.401   -999.900   -999.900
   -147.700    -68.171    -69.948   -999.900   -999.900      1.777      0.000   -147.700   -147.700    -80.202    -80.401   -999.900   -999.900
   -147.700    -68.173    -69.947   -999.900   -999.900      1.774      0.000   -147.700   -147.700    -80.202    -80.401   -999.900   -999.900
   -152.700    -68.171    -69.950   -999.900   -999.900      1.779      0.000   -152.700   -152.700    -80.202    -80.401   -999.900   -999.900
   -157.700    -68.171    -69.947   -999.900   -999.900      1.776      0.000   -157.700   -157.700    -80.202    -80.401   -999.900   -999.900
   -162.700    -68.175    -69.949   -999.900   -999.900      1.774      0.000   -162.700   -162.700    -80.202    -80.401   -999.900   -999.900
