    -26.500    -54.127      7.093   -999.900   -999.900    -61.221      0.000    -26.500    -26.500    -54.305      7.093   -999.900   -999.900
    -28.500    -55.812      5.817   -999.900   -999.900    -61.629      0.000    -28.500    -28.500    -56.076      5.817   -999.900   -999.900
    -30.500    -57.471      4.277   -999.900   -999.900    -61.748      0.000    -30.500    -30.500    -57.864      4.277   -999.900   -999.900
    -32.500    -59.018      2.598   -999.900   -999.900    -61.616      0.000    -32.500    -32.500    -59.591      2.598   -999.900   -999.900
    -34.500    -60.421      0.909   -999.900   -999.900    -61.330      0.000    -34.500    -34.500    -61.233      0.909   -999.900   -999.900
    -37.500    -62.429     -1.730   -999.900   -999.900    -60.698      0.000    -37.500    -37.500    -63.801     -1.730   -999.900   -999.900
    -42.500    -64.911     -5.936   -999.900   -999.900    -58.975      0.000    -42.500    -42.500    -67.750     -5.936   -999.900   -999.900
    -47.500    -66.649    -10.913   -999.900   -999.900    -55.736      0.000    -47.500    -47.500    -72.115    -10.913   -999.900   -999.900
    -52.500    -67.435    -15.903   -999.900   -999.900    -51.532      0.000    -52.500    -52.500    -75.914    -15.903   -999.900   -999.900
    -57.500    -67.777    -20.888   -999.900   -999.900    -46.889      0.000    -57.500    -57.500    -79.223    -20.888   -999.900   -999.900
    -62.500    -67.904    -25.861   -999.900   -999.900    -42.044      0.000    -62.500    -62.500    -81.463    -25.861   -999.900   -999.900
    -67.500    -67.965    -30.856   -999.900   -999.900    -37.109      0.000    -67.500    -67.500    -83.109    -30.857   -999.900   -999.900
    -72.500    -68.002    -35.859   -999.900   -999.900    -32.143      0.000    -72.500    -72.500    -84.547    -35.861   -999.900   -999.900
    -77.500    -68.020    -40.841   -999.900   -999.900    -27.179      0.000    -77.500    -77.500    -85.395    -40.847   -999.900   -999.900
    -82.500    -68.018    -45.840   -999.900   -999.900    -22.179      0.000    -82.500    -82.500    -85.320    -45.860   -999.900   -999.900
    -87.500    -68.022    -50.131   -999.900   -999.900    -17.891      0.000    -87.500    -87.500    -85.530    -50.185   -999.900   -999.900
    -92.500    -68.026    -53.893   -999.900   -999.900    -14.134      0.000    -92.500    -92.500    -85.774    -54.024   -999.900   -999.900
    -96.500    -68.047    -56.814   -999.900   -999.900    -11.233      0.000    -96.500    -96.500    -87.229    -57.074   -999.900   -999.900
   -100.500    -68.047    -59.635   -999.900   -999.900     -8.412      0.000   -100.500   -100.500    -87.216    -60.148   -999.900   -999.900
   -102.500    -68.020    -60.743   -999.900   -999.900     -7.277      0.000   -102.500   -102.500    -85.391    -61.417   -999.900   -999.900
   -104.500    -68.009    -61.806   -999.900   -999.900     -6.203      0.000   -104.500   -104.500    -84.873    -62.688   -999.900   -999.900
   -106.500    -68.011    -62.754   -999.900   -999.900     -5.257      0.000   -106.500   -106.500    -84.960    -63.880   -999.900   -999.900
   -109.500    -68.008    -63.940   -999.900   -999.900     -4.068      0.000   -109.500   -109.500    -84.805    -65.490   -999.900   -999.900
   -112.500    -68.000    -64.999   -999.900   -999.900     -3.001      0.000   -112.500   -112.500    -84.426    -67.096   -999.900   -999.900
   -117.500    -68.011    -67.454   -999.900   -999.900     -0.557      0.000   -117.500   -117.500    -84.948    -72.322   -999.900   -999.900
   -122.500    -68.006    -68.655   -999.900   -999.900      0.648      0.000   -122.500   -122.500    -84.724    -78.191   -999.900   -999.900
   -127.500    -68.021    -69.184   -999.900   -999.900      1.163      0.000   -127.500   -127.500    -85.482    -78.191   -999.900   -999.900
   -132.500    -68.020    -69.388   -999.900   -999.900      1.368      0.000   -132.500   -132.500    -85.431    -78.191   -999.900   -999.900
   -137.500    -68.021    -69.445   -999.900   -999.900      1.425      0.000   -137.500   -137.500    -85.454    -78.191   -999.900   -999.900
   -142.500    -68.047    -69.459   -999.900   -999.900      1.412      0.000   -142.500   -142.500    -87.222    -78.191   -999.900   -999.900
   -147.500    -68.200    -69.551   -999.900   -999.900      1.351      0.000   -147.500   -147.500    -87.222    -78.191   -999.900   -999.900
   -147.500    -68.196    -69.552   -999.900   -999.900      1.356      0.000   -147.500   -147.500    -87.222    -78.191   -999.900   -999.900
   -152.500    -68.195    -69.563   -999.900   -999.900      1.368      0.000   -152.500   -152.500    -87.222    -78.191   -999.900   -999.900
   -157.500    -68.199    -69.552   -999.900   -999.900      1.354      0.000   -157.500   -157.500    -87.222    -78.191   -999.900   -999.900
   -162.500    -68.192    -69.559   -999.900   -999.900      1.367      0.000   -162.500   -162.500    -87.222    -78.191   -999.900   -999.900
