    -55.730    -66.734    -22.833   -999.900   -999.900    -43.901      0.000    -55.730    -55.730    -73.976    -22.833   -999.900   -999.900
    -60.730    -66.555    -27.843   -999.900   -999.900    -38.711      0.000    -60.730    -60.730    -73.101    -27.844   -999.900   -999.900
    -65.730    -66.240    -32.835   -999.900   -999.900    -33.405      0.000    -65.730    -65.730    -71.832    -32.837   -999.900   -999.900
    -70.730    -66.250    -37.723   -999.900   -999.900    -28.527      0.000    -70.730    -70.730    -71.869    -37.728   -999.900   -999.900
    -75.730    -65.777    -42.594   -999.900   -999.900    -23.183      0.000    -75.730    -75.730    -70.346    -42.610   -999.900   -999.900
    -80.730    -66.012    -47.328   -999.900   -999.900    -18.684      0.000    -80.730    -80.730    -71.058    -47.375   -999.900   -999.900
    -85.730    -65.932    -51.832   -999.900   -999.900    -14.100      0.000    -85.730    -85.730    -70.807    -51.965   -999.900   -999.900
    -90.730    -66.506    -55.780   -999.900   -999.900    -10.726      0.000    -90.730    -90.730    -72.885    -56.120   -999.900   -999.900
    -95.730    -66.686    -59.009   -999.900   -999.900     -7.677      0.000    -95.730    -95.730    -73.727    -59.757   -999.900   -999.900
   -100.730    -65.423    -61.267   -999.900   -999.900     -4.156      0.000   -100.730   -100.730    -69.402    -62.613   -999.900   -999.900
   -105.730    -65.507    -61.446   -999.900   -999.900     -4.061      0.000   -105.730   -105.730    -69.613    -62.858   -999.900   -999.900
   -110.730    -66.404    -61.932   -999.900   -999.900     -4.472      0.000   -110.730   -110.730    -72.459    -63.547   -999.900   -999.900
   -115.730    -65.905    -62.011   -999.900   -999.900     -3.894      0.000   -115.730   -115.730    -70.724    -63.662   -999.900   -999.900
   -120.730    -68.096    -69.471   -999.900   -999.900      1.375      0.000   -120.730   -120.730    -70.724    -63.662   -999.900   -999.900
   -120.730    -68.094    -69.475   -999.900   -999.900      1.381      0.000   -120.730   -120.730    -70.724    -63.662   -999.900   -999.900
   -125.730    -68.094    -69.473   -999.900   -999.900      1.379      0.000   -125.730   -125.730    -70.724    -63.662   -999.900   -999.900
   -130.730    -68.086    -69.476   -999.900   -999.900      1.391      0.000   -130.730   -130.730    -70.724    -63.662   -999.900   -999.900
   -135.730    -68.089    -69.465   -999.900   -999.900      1.376      0.000   -135.730   -135.730    -70.724    -63.662   -999.900   -999.900
