    -56.520    -67.505    -22.863   -999.900   -999.900    -44.643      0.000    -56.520    -56.520    -76.710    -22.863   -999.900   -999.900
    -61.520    -67.818    -27.908   -999.900   -999.900    -39.910      0.000    -61.520    -61.520    -80.452    -27.908   -999.900   -999.900
    -66.520    -67.445    -32.993   -999.900   -999.900    -34.452      0.000    -66.520    -66.520    -76.231    -32.995   -999.900   -999.900
    -71.520    -67.716    -38.054   -999.900   -999.900    -29.662      0.000    -71.520    -71.520    -78.882    -38.059   -999.900   -999.900
    -76.520    -67.343    -43.295   -999.900   -999.900    -24.048      0.000    -76.520    -76.520    -75.514    -43.312   -999.900   -999.900
    -81.520    -67.350    -48.566   -999.900   -999.900    -18.784      0.000    -81.520    -81.520    -75.556    -48.622   -999.900   -999.900
    -86.520    -67.769    -53.940   -999.900   -999.900    -13.829      0.000    -86.520    -86.520    -79.630    -54.137   -999.900   -999.900
    -91.520    -67.499    -59.146   -999.900   -999.900     -8.352      0.000    -91.520    -91.520    -76.653    -59.840   -999.900   -999.900
    -96.520    -67.620    -62.742   -999.900   -999.900     -4.878      0.000    -96.520    -96.520    -77.775    -64.532   -999.900   -999.900
   -101.520    -67.833    -63.692   -999.900   -999.900     -4.141      0.000   -101.520   -101.520    -80.742    -66.060   -999.900   -999.900
   -106.520    -67.409    -63.384   -999.900   -999.900     -4.025      0.000   -106.520   -106.520    -75.963    -65.541   -999.900   -999.900
   -111.520    -67.701    -63.209   -999.900   -999.900     -4.492      0.000   -111.520   -111.520    -78.699    -65.257   -999.900   -999.900
   -116.520    -67.904    -62.876   -999.900   -999.900     -5.028      0.000   -116.520   -116.520    -82.399    -64.735   -999.900   -999.900
   -121.520    -68.095    -69.490   -999.900   -999.900      1.395      0.000   -121.520   -121.520    -82.399    -64.735   -999.900   -999.900
   -121.520    -68.096    -69.491   -999.900   -999.900      1.395      0.000   -121.520   -121.520    -82.399    -64.735   -999.900   -999.900
   -126.520    -68.088    -69.500   -999.900   -999.900      1.413      0.000   -126.520   -126.520    -82.399    -64.735   -999.900   -999.900
   -131.520    -68.098    -69.491   -999.900   -999.900      1.393      0.000   -131.520   -131.520    -82.399    -64.735   -999.900   -999.900
   -136.520    -68.090    -69.497   -999.900   -999.900      1.407      0.000   -136.520   -136.520    -82.399    -64.735   -999.900   -999.900
