    -26.500    -53.803      7.131   -999.900   -999.900    -60.934      0.000    -26.500    -26.500    -53.966      7.131   -999.900   -999.900
    -28.500    -55.547      5.724   -999.900   -999.900    -61.271      0.000    -28.500    -28.500    -55.795      5.724   -999.900   -999.900
    -30.500    -57.154      4.243   -999.900   -999.900    -61.397      0.000    -30.500    -30.500    -57.517      4.243   -999.900   -999.900
    -32.500    -58.960      2.397   -999.900   -999.900    -61.357      0.000    -32.500    -32.500    -59.523      2.397   -999.900   -999.900
    -34.500    -60.451      0.658   -999.900   -999.900    -61.108      0.000    -34.500    -34.500    -61.266      0.658   -999.900   -999.900
    -37.500    -62.666     -2.261   -999.900   -999.900    -60.405      0.000    -37.500    -37.500    -64.123     -2.261   -999.900   -999.900
    -42.500    -65.099     -6.613   -999.900   -999.900    -58.485      0.000    -42.500    -42.500    -68.101     -6.613   -999.900   -999.900
    -47.500    -66.741    -11.585   -999.900   -999.900    -55.156      0.000    -47.500    -47.500    -72.403    -11.585   -999.900   -999.900
    -52.500    -67.396    -15.976   -999.900   -999.900    -51.419      0.000    -52.500    -52.500    -75.550    -15.976   -999.900   -999.900
    -57.500    -67.782    -20.967   -999.900   -999.900    -46.815      0.000    -57.500    -57.500    -79.081    -20.967   -999.900   -999.900
    -62.500    -67.916    -25.317   -999.900   -999.900    -42.599      0.000    -62.500    -62.500    -81.375    -25.318   -999.900   -999.900
    -67.500    -68.014    -30.323   -999.900   -999.900    -37.691      0.000    -67.500    -67.500    -84.325    -30.323   -999.900   -999.900
    -72.500    -68.018    -34.181   -999.900   -999.900    -33.836      0.000    -72.500    -72.500    -84.489    -34.183   -999.900   -999.900
    -77.500    -68.038    -39.197   -999.900   -999.900    -28.841      0.000    -77.500    -77.500    -85.503    -39.201   -999.900   -999.900
    -82.500    -68.040    -42.961   -999.900   -999.900    -25.079      0.000    -82.500    -82.500    -85.628    -42.972   -999.900   -999.900
    -87.500    -68.047    -47.906   -999.900   -999.900    -20.142      0.000    -87.500    -87.500    -86.065    -47.940   -999.900   -999.900
    -92.500    -68.056    -51.586   -999.900   -999.900    -16.469      0.000    -92.500    -92.500    -86.623    -51.665   -999.900   -999.900
    -96.500    -68.060    -55.489   -999.900   -999.900    -12.570      0.000    -96.500    -96.500    -86.923    -55.686   -999.900   -999.900
   -100.500    -68.071    -57.885   -999.900   -999.900    -10.186      0.000   -100.500   -100.500    -87.870    -58.233   -999.900   -999.900
   -102.500    -68.056    -59.650   -999.900   -999.900     -8.406      0.000   -102.500   -102.500    -86.655    -60.184   -999.900   -999.900
   -104.500    -68.054    -60.684   -999.900   -999.900     -7.370      0.000   -104.500   -104.500    -86.489    -61.373   -999.900   -999.900
   -106.500    -68.038    -62.387   -999.900   -999.900     -5.650      0.000   -106.500   -106.500    -85.491    -63.451   -999.900   -999.900
   -109.500    -68.040    -63.607   -999.900   -999.900     -4.433      0.000   -109.500   -109.500    -85.630    -65.081   -999.900   -999.900
   -112.500    -68.057    -65.590   -999.900   -999.900     -2.467      0.000   -112.500   -112.500    -86.745    -68.220   -999.900   -999.900
   -117.500    -68.054    -66.827   -999.900   -999.900     -1.227      0.000   -117.500   -117.500    -86.469    -70.848   -999.900   -999.900
   -122.500    -68.070    -68.442   -999.900   -999.900      0.372      0.000   -122.500   -122.500    -87.823    -77.503   -999.900   -999.900
   -127.500    -68.068    -68.798   -999.900   -999.900      0.730      0.000   -127.500   -127.500    -87.572    -81.860   -999.900   -999.900
   -132.500    -68.064    -69.373   -999.900   -999.900      1.310      0.000   -132.500   -132.500    -87.227    -81.860   -999.900   -999.900
   -137.500    -68.051    -69.419   -999.900   -999.900      1.369      0.000   -137.500   -137.500    -86.279    -81.860   -999.900   -999.900
   -142.500    -68.034    -69.466   -999.900   -999.900      1.432      0.000   -142.500   -142.500    -85.297    -81.860   -999.900   -999.900
   -147.500    -68.189    -69.553   -999.900   -999.900      1.364      0.000   -147.500   -147.500    -85.297    -81.860   -999.900   -999.900
   -147.500    -68.180    -69.555   -999.900   -999.900      1.375      0.000   -147.500   -147.500    -85.297    -81.860   -999.900   -999.900
   -152.500    -68.194    -69.561   -999.900   -999.900      1.367      0.000   -152.500   -152.500    -85.297    -81.860   -999.900   -999.900
   -157.500    -68.188    -69.557   -999.900   -999.900      1.369      0.000   -157.500   -157.500    -85.297    -81.860   -999.900   -999.900
   -162.500    -68.196    -69.564   -999.900   -999.900      1.368      0.000   -162.500   -162.500    -85.297    -81.860   -999.900   -999.900
