    -36.150    -59.132      5.398   -999.900   -999.900    -64.531      0.000    -36.150    -36.150    -66.440      5.398   -999.900   -999.900
    -41.150    -59.521      0.818   -999.900   -999.900    -60.339      0.000    -41.150    -41.150    -69.117      0.818   -999.900   -999.900
    -46.150    -59.714     -3.932   -999.900   -999.900    -55.782      0.000    -46.150    -46.150    -71.309     -3.932   -999.900   -999.900
    -51.150    -59.745     -8.712   -999.900   -999.900    -51.034      0.000    -51.150    -51.150    -71.791     -8.712   -999.900   -999.900
    -56.150    -59.778    -13.426   -999.900   -999.900    -46.352      0.000    -56.150    -56.150    -72.339    -13.426   -999.900   -999.900
    -61.150    -59.910    -18.114   -999.900   -999.900    -41.796      0.000    -61.150    -61.150    -75.720    -18.115   -999.900   -999.900
    -66.150    -60.016    -22.921   -999.900   -999.900    -37.095      0.000    -66.150    -66.150    -86.406    -22.921   -999.900   -999.900
    -71.150    -60.025    -27.892   -999.900   -999.900    -32.133      0.000    -71.150    -71.150    -99.991    -27.894   -999.900   -999.900
    -76.150    -60.107    -33.189   -999.900   -999.900    -26.918      0.000    -76.150    -76.150    -99.991    -33.196   -999.900   -999.900
    -81.930    -59.683    -40.263   -999.900   -999.900    -19.419      0.000    -81.930    -81.930    -99.991    -40.301   -999.900   -999.900
    -86.930    -60.096    -45.016   -999.900   -999.900    -15.080      0.000    -86.930    -86.930    -99.991    -45.128   -999.900   -999.900
    -91.930    -60.122    -49.614   -999.900   -999.900    -10.508      0.000    -91.930    -91.930    -99.991    -49.946   -999.900   -999.900
    -96.930    -60.192    -54.282   -999.900   -999.900     -5.910      0.000    -96.930    -96.930    -99.991    -55.339   -999.900   -999.900
   -101.930    -59.976    -57.705   -999.900   -999.900     -2.271      0.000   -101.930   -101.930    -99.991    -60.505   -999.900   -999.900
   -106.930    -59.880    -59.805   -999.900   -999.900     -0.075      0.000   -106.930   -106.930    -99.991    -66.199   -999.900   -999.900
   -111.930    -59.908    -60.722   -999.900   -999.900      0.814      0.000   -111.930   -111.930    -99.991    -73.888   -999.900   -999.900
   -116.930    -59.965    -60.846   -999.900   -999.900      0.881      0.000   -116.930   -116.930    -99.991    -77.665   -999.900   -999.900
   -116.930    -59.947    -60.900   -999.900   -999.900      0.953      0.000   -116.930   -116.930    -99.991    -81.590   -999.900   -999.900
   -121.930    -59.975    -60.888   -999.900   -999.900      0.913      0.000   -121.930   -121.930    -99.991    -80.389   -999.900   -999.900
   -126.930    -60.116    -61.023   -999.900   -999.900      0.906      0.000   -126.930   -126.930    -99.991    -80.389   -999.900   -999.900
   -131.930    -60.128    -61.032   -999.900   -999.900      0.904      0.000   -131.930   -131.930    -99.991    -80.389   -999.900   -999.900
