    -27.030    -53.538      6.498   -999.900   -999.900    -60.036      0.000    -27.030    -27.030    -53.699      6.498   -999.900   -999.900
    -29.030    -55.375      4.982   -999.900   -999.900    -60.357      0.000    -29.030    -29.030    -55.623      4.982   -999.900   -999.900
    -31.030    -57.110      3.223   -999.900   -999.900    -60.333      0.000    -31.030    -31.030    -57.484      3.223   -999.900   -999.900
    -33.030    -58.850      1.344   -999.900   -999.900    -60.195      0.000    -33.030    -33.030    -59.421      1.344   -999.900   -999.900
    -35.030    -60.480     -0.575   -999.900   -999.900    -59.905      0.000    -35.030    -35.030    -61.339     -0.575   -999.900   -999.900
    -38.030    -62.656     -3.497   -999.900   -999.900    -59.159      0.000    -38.030    -38.030    -64.180     -3.497   -999.900   -999.900
    -43.030    -65.396     -8.423   -999.900   -999.900    -56.973      0.000    -43.030    -43.030    -68.925     -8.423   -999.900   -999.900
    -48.030    -66.806    -13.400   -999.900   -999.900    -53.406      0.000    -48.030    -48.030    -73.184    -13.400   -999.900   -999.900
    -53.030    -67.383    -18.344   -999.900   -999.900    -49.039      0.000    -53.030    -53.030    -76.555    -18.344   -999.900   -999.900
    -58.030    -67.657    -23.336   -999.900   -999.900    -44.321      0.000    -58.030    -58.030    -79.606    -23.336   -999.900   -999.900
    -63.030    -67.788    -28.266   -999.900   -999.900    -39.521      0.000    -63.030    -63.030    -82.325    -28.267   -999.900   -999.900
    -68.030    -67.840    -33.270   -999.900   -999.900    -34.570      0.000    -68.030    -68.030    -84.142    -33.271   -999.900   -999.900
    -73.030    -67.873    -38.172   -999.900   -999.900    -29.701      0.000    -73.030    -73.030    -85.804    -38.175   -999.900   -999.900
    -78.030    -67.856    -43.162   -999.900   -999.900    -24.693      0.000    -78.030    -78.030    -84.853    -43.173   -999.900   -999.900
    -83.030    -67.869    -48.044   -999.900   -999.900    -19.825      0.000    -83.030    -83.030    -85.608    -48.076   -999.900   -999.900
    -88.030    -67.873    -52.961   -999.900   -999.900    -14.912      0.000    -88.030    -88.030    -85.822    -53.060   -999.900   -999.900
    -93.030    -67.892    -57.562   -999.900   -999.900    -10.330      0.000    -93.030    -93.030    -87.170    -57.853   -999.900   -999.900
    -97.030    -67.896    -61.144   -999.900   -999.900     -6.751      0.000    -97.030    -97.030    -87.526    -61.838   -999.900   -999.900
   -101.030    -67.863    -64.070   -999.900   -999.900     -3.792      0.000   -101.030   -101.030    -85.229    -65.556   -999.900   -999.900
   -103.030    -67.809    -65.379   -999.900   -999.900     -2.430      0.000   -103.030   -103.030    -82.961    -67.536   -999.900   -999.900
   -105.030    -67.826    -66.311   -999.900   -999.900     -1.515      0.000   -105.030   -105.030    -83.573    -69.195   -999.900   -999.900
   -107.030    -67.805    -67.256   -999.900   -999.900     -0.549      0.000   -107.030   -107.030    -82.858    -71.270   -999.900   -999.900
   -110.030    -67.881    -68.171   -999.900   -999.900      0.290      0.000   -110.030   -110.030    -86.342    -74.099   -999.900   -999.900
   -113.030    -67.887    -68.747   -999.900   -999.900      0.859      0.000   -113.030   -113.030    -86.813    -76.990   -999.900   -999.900
   -118.030    -67.883    -69.217   -999.900   -999.900      1.334      0.000   -118.030   -118.030    -86.499    -82.009   -999.900   -999.900
   -123.030    -67.877    -69.367   -999.900   -999.900      1.490      0.000   -123.030   -123.030    -86.074    -86.526   -999.900   -999.900
   -128.030    -67.876    -69.440   -999.900   -999.900      1.564      0.000   -128.030   -128.030    -86.008    -95.216   -999.900   -999.900
   -133.030    -67.869    -69.466   -999.900   -999.900      1.596      0.000   -133.030   -133.030    -85.589    -95.216   -999.900   -999.900
   -138.030    -67.892    -69.476   -999.900   -999.900      1.584      0.000   -138.030   -138.030    -87.230    -95.216   -999.900   -999.900
   -143.030    -67.879    -69.480   -999.900   -999.900      1.601      0.000   -143.030   -143.030    -86.233    -95.216   -999.900   -999.900
   -148.030    -68.028    -69.510   -999.900   -999.900      1.481      0.000   -148.030   -148.030    -86.233    -95.216   -999.900   -999.900
   -148.030    -68.018    -69.506   -999.900   -999.900      1.488      0.000   -148.030   -148.030    -86.233    -95.216   -999.900   -999.900
   -153.030    -68.019    -69.505   -999.900   -999.900      1.485      0.000   -153.030   -153.030    -86.233    -95.216   -999.900   -999.900
   -158.030    -68.023    -69.506   -999.900   -999.900      1.483      0.000   -158.030   -158.030    -86.233    -95.216   -999.900   -999.900
   -163.030    -68.017    -69.505   -999.900   -999.900      1.488      0.000   -163.030   -163.030    -86.233    -95.216   -999.900   -999.900
