    -27.060    -59.594      6.469   -999.900   -999.900    -66.063      0.000    -27.060    -27.060    -60.303      6.469   -999.900   -999.900
    -29.060    -61.459      5.113   -999.900   -999.900    -66.572      0.000    -29.060    -29.060    -62.601      5.113   -999.900   -999.900
    -31.060    -62.368      3.272   -999.900   -999.900    -65.640      0.000    -31.060    -31.060    -63.827      3.272   -999.900   -999.900
    -33.060    -63.633      1.425   -999.900   -999.900    -65.058      0.000    -33.060    -33.060    -65.721      1.425   -999.900   -999.900
    -35.060    -64.670     -0.508   -999.900   -999.900    -64.162      0.000    -35.060    -35.060    -67.548     -0.508   -999.900   -999.900
    -38.060    -65.704     -3.456   -999.900   -999.900    -62.247      0.000    -38.060    -38.060    -69.847     -3.456   -999.900   -999.900
    -43.060    -66.784     -8.375   -999.900   -999.900    -58.409      0.000    -43.060    -43.060    -73.530     -8.375   -999.900   -999.900
    -48.060    -67.270    -13.366   -999.900   -999.900    -53.905      0.000    -48.060    -48.060    -76.547    -13.366   -999.900   -999.900
    -53.060    -67.502    -18.349   -999.900   -999.900    -49.153      0.000    -53.060    -53.060    -79.064    -18.349   -999.900   -999.900
    -58.060    -67.607    -23.319   -999.900   -999.900    -44.288      0.000    -58.060    -58.060    -80.875    -23.319   -999.900   -999.900
    -63.060    -67.657    -28.308   -999.900   -999.900    -39.349      0.000    -63.060    -63.060    -82.083    -28.308   -999.900   -999.900
    -68.060    -67.699    -33.321   -999.900   -999.900    -34.378      0.000    -68.060    -68.060    -83.452    -33.322   -999.900   -999.900
    -73.060    -67.711    -38.291   -999.900   -999.900    -29.420      0.000    -73.060    -73.060    -83.925    -38.294   -999.900   -999.900
    -78.060    -67.719    -43.249   -999.900   -999.900    -24.470      0.000    -78.060    -78.060    -84.255    -43.259   -999.900   -999.900
    -83.060    -67.738    -48.235   -999.900   -999.900    -19.503      0.000    -83.060    -83.060    -85.190    -48.268   -999.900   -999.900
    -88.060    -67.733    -53.169   -999.900   -999.900    -14.564      0.000    -88.060    -88.060    -84.929    -53.272   -999.900   -999.900
    -93.060    -67.727    -58.030   -999.900   -999.900     -9.697      0.000    -93.060    -93.060    -84.641    -58.356   -999.900   -999.900
    -97.060    -67.733    -61.566   -999.900   -999.900     -6.167      0.000    -97.060    -97.060    -84.949    -62.338   -999.900   -999.900
   -101.060    -67.752    -64.562   -999.900   -999.900     -3.190      0.000   -101.060   -101.060    -86.074    -66.266   -999.900   -999.900
   -103.060    -67.765    -65.879   -999.900   -999.900     -1.886      0.000   -103.060   -103.060    -87.056    -68.393   -999.900   -999.900
   -105.060    -67.738    -66.849   -999.900   -999.900     -0.889      0.000   -105.060   -105.060    -85.236    -70.313   -999.900   -999.900
   -107.060    -67.735    -67.692   -999.900   -999.900     -0.043      0.000   -107.060   -107.060    -85.041    -72.469   -999.900   -999.900
   -110.060    -67.733    -68.461   -999.900   -999.900      0.727      0.000   -110.060   -110.060    -84.967    -75.373   -999.900   -999.900
   -113.060    -67.715    -68.934   -999.900   -999.900      1.219      0.000   -113.060   -113.060    -84.065    -78.441   -999.900   -999.900
   -118.060    -67.713    -69.259   -999.900   -999.900      1.546      0.000   -118.060   -118.060    -83.990    -82.927   -999.900   -999.900
   -123.060    -67.723    -69.363   -999.900   -999.900      1.640      0.000   -123.060   -123.060    -84.453    -86.414   -999.900   -999.900
   -128.060    -67.717    -69.393   -999.900   -999.900      1.676      0.000   -128.060   -128.060    -84.183    -88.316   -999.900   -999.900
   -133.060    -67.718    -69.395   -999.900   -999.900      1.677      0.000   -133.060   -133.060    -84.210    -88.432   -999.900   -999.900
   -138.060    -67.719    -69.396   -999.900   -999.900      1.677      0.000   -138.060   -138.060    -84.269    -88.551   -999.900   -999.900
   -143.060    -67.760    -69.431   -999.900   -999.900      1.671      0.000   -143.060   -143.060    -86.670    -93.126   -999.900   -999.900
   -148.060    -67.930    -69.548   -999.900   -999.900      1.618      0.000   -148.060   -148.060    -86.670    -93.126   -999.900   -999.900
   -148.060    -67.933    -69.546   -999.900   -999.900      1.612      0.000   -148.060   -148.060    -86.670    -93.126   -999.900   -999.900
   -153.060    -67.933    -69.540   -999.900   -999.900      1.607      0.000   -153.060   -153.060    -86.670    -93.126   -999.900   -999.900
   -158.060    -67.926    -69.546   -999.900   -999.900      1.620      0.000   -158.060   -158.060    -86.670    -93.126   -999.900   -999.900
   -163.060    -67.920    -69.538   -999.900   -999.900      1.618      0.000   -163.060   -163.060    -86.670    -93.126   -999.900   -999.900
