    -36.030    -53.723      6.624   -999.900   -999.900    -60.347      0.000    -36.030    -36.030    -54.059      6.624   -999.900   -999.900
    -38.030    -55.526      5.139   -999.900   -999.900    -60.665      0.000    -38.030    -38.030    -56.046      5.139   -999.900   -999.900
    -40.030    -57.245      3.397   -999.900   -999.900    -60.642      0.000    -40.030    -40.030    -58.042      3.397   -999.900   -999.900
    -42.030    -58.862      1.503   -999.900   -999.900    -60.365      0.000    -42.030    -42.030    -60.072      1.503   -999.900   -999.900
    -44.030    -60.297     -0.422   -999.900   -999.900    -59.875      0.000    -44.030    -44.030    -62.091     -0.422   -999.900   -999.900
    -47.030    -62.056     -3.344   -999.900   -999.900    -58.711      0.000    -47.030    -47.030    -65.131     -3.344   -999.900   -999.900
    -52.030    -63.851     -8.243   -999.900   -999.900    -55.608      0.000    -52.030    -52.030    -70.181     -8.243   -999.900   -999.900
    -57.030    -64.617    -13.212   -999.900   -999.900    -51.405      0.000    -57.030    -57.030    -75.337    -13.212   -999.900   -999.900
    -62.030    -64.878    -18.138   -999.900   -999.900    -46.739      0.000    -62.030    -62.030    -80.374    -18.138   -999.900   -999.900
    -67.030    -64.972    -23.130   -999.900   -999.900    -41.842      0.000    -67.030    -67.030    -86.592    -23.130   -999.900   -999.900
    -72.030    -64.992    -28.056   -999.900   -999.900    -36.936      0.000    -72.030    -72.030    -91.620    -28.057   -999.900   -999.900
    -77.030    -65.006    -33.079   -999.900   -999.900    -31.927      0.000    -77.030    -77.030    -91.620    -33.081   -999.900   -999.900
    -82.030    -65.001    -37.964   -999.900   -999.900    -27.037      0.000    -82.030    -82.030    -91.620    -37.971   -999.900   -999.900
    -87.030    -65.000    -42.961   -999.900   -999.900    -22.039      0.000    -87.030    -87.030    -91.620    -42.981   -999.900   -999.900
    -92.030    -64.997    -47.795   -999.900   -999.900    -17.202      0.000    -92.030    -92.030    -91.620    -47.857   -999.900   -999.900
    -97.030    -64.994    -52.694   -999.900   -999.900    -12.300      0.000    -97.030    -97.030    -91.620    -52.887   -999.900   -999.900
   -102.030    -64.999    -57.026   -999.900   -999.900     -7.972      0.000   -102.030   -102.030    -91.620    -57.572   -999.900   -999.900
   -106.030    -65.001    -60.454   -999.900   -999.900     -4.547      0.000   -106.030   -106.030    -91.620    -61.761   -999.900   -999.900
   -110.030    -65.001    -63.035   -999.900   -999.900     -1.966      0.000   -110.030   -110.030    -91.620    -65.799   -999.900   -999.900
   -112.030    -64.999    -64.110   -999.900   -999.900     -0.890      0.000   -112.030   -112.030    -91.620    -68.122   -999.900   -999.900
   -114.030    -65.006    -64.838   -999.900   -999.900     -0.168      0.000   -114.030   -114.030    -91.620    -70.262   -999.900   -999.900
   -116.030    -64.998    -65.396   -999.900   -999.900      0.398      0.000   -116.030   -116.030    -91.620    -72.630   -999.900   -999.900
   -119.030    -64.992    -65.919   -999.900   -999.900      0.927      0.000   -119.030   -119.030    -91.620    -76.612   -999.900   -999.900
   -122.030    -64.993    -66.202   -999.900   -999.900      1.209      0.000   -122.030   -122.030    -91.620    -82.466   -999.900   -999.900
   -127.030    -64.995    -66.387   -999.900   -999.900      1.392      0.000   -127.030   -127.030    -91.620    -82.466   -999.900   -999.900
   -132.030    -64.995    -66.434   -999.900   -999.900      1.439      0.000   -132.030   -132.030    -91.620    -82.466   -999.900   -999.900
   -137.030    -64.994    -66.437   -999.900   -999.900      1.443      0.000   -137.030   -137.030    -91.620    -82.466   -999.900   -999.900
   -142.030    -65.004    -66.429   -999.900   -999.900      1.425      0.000   -142.030   -142.030    -91.620    -82.466   -999.900   -999.900
   -147.030    -65.001    -66.418   -999.900   -999.900      1.417      0.000   -147.030   -147.030    -91.620    -82.466   -999.900   -999.900
   -152.030    -65.002    -66.416   -999.900   -999.900      1.415      0.000   -152.030   -152.030    -91.620    -82.466   -999.900   -999.900
   -157.030    -65.012    -66.480   -999.900   -999.900      1.468      0.000   -157.030   -157.030    -91.620    -82.466   -999.900   -999.900
   -157.030    -65.016    -66.473   -999.900   -999.900      1.458      0.000   -157.030   -157.030    -91.620    -82.466   -999.900   -999.900
   -162.030    -65.014    -66.475   -999.900   -999.900      1.461      0.000   -162.030   -162.030    -91.620    -82.466   -999.900   -999.900
   -167.030    -65.006    -66.480   -999.900   -999.900      1.474      0.000   -167.030   -167.030    -91.620    -82.466   -999.900   -999.900
   -172.030    -65.005    -66.485   -999.900   -999.900      1.480      0.000   -172.030   -172.030    -91.620    -82.466   -999.900   -999.900
