    -34.430    -56.613     -1.382   -999.900   -999.900    -55.231      0.000    -34.430    -34.430    -56.879     -1.382   -999.900   -999.900
    -39.430    -58.196     -6.165   -999.900   -999.900    -52.031      0.000    -39.430    -39.430    -58.584     -6.165   -999.900   -999.900
    -44.430    -58.749    -11.042   -999.900   -999.900    -47.707      0.000    -44.430    -44.430    -59.192    -11.042   -999.900   -999.900
    -49.430    -59.122    -15.912   -999.900   -999.900    -43.210      0.000    -49.430    -49.430    -59.607    -15.912   -999.900   -999.900
    -54.430    -59.647    -20.714   -999.900   -999.900    -38.932      0.000    -54.430    -54.430    -60.199    -20.715   -999.900   -999.900
    -59.430    -59.619    -25.545   -999.900   -999.900    -34.074      0.000    -59.430    -59.430    -60.167    -25.545   -999.900   -999.900
    -64.430    -59.975    -30.325   -999.900   -999.900    -29.650      0.000    -64.430    -64.430    -60.574    -30.325   -999.900   -999.900
    -69.430    -59.899    -35.073   -999.900   -999.900    -24.827      0.000    -69.430    -69.430    -60.487    -35.074   -999.900   -999.900
    -74.430    -59.870    -39.612   -999.900   -999.900    -20.257      0.000    -74.430    -74.430    -60.453    -39.617   -999.900   -999.900
    -79.430    -59.990    -44.205   -999.900   -999.900    -15.785      0.000    -79.430    -79.430    -60.591    -44.217   -999.900   -999.900
   -119.430    -68.874    -69.678   -999.900   -999.900      0.805      0.000   -119.430   -119.430    -99.922    -96.342   -999.900   -999.900
   -119.430    -68.881    -69.687   -999.900   -999.900      0.806      0.000   -119.430   -119.430    -99.922   -105.700   -999.900   -999.900
   -124.430    -68.878    -69.690   -999.900   -999.900      0.812      0.000   -124.430   -124.430    -99.922   -105.700   -999.900   -999.900
   -129.430    -68.874    -69.685   -999.900   -999.900      0.811      0.000   -129.430   -129.430    -99.922   -105.700   -999.900   -999.900
   -134.430    -68.879    -69.688   -999.900   -999.900      0.809      0.000   -134.430   -134.430    -99.922   -105.700   -999.900   -999.900
