    -34.650      5.441      5.524   -999.900   -999.900     -0.083      0.000    -34.650    -34.650      5.441      5.524   -999.900   -999.900
    -39.650      0.911      0.917   -999.900   -999.900     -0.006      0.000    -39.650    -39.650      0.911      0.917   -999.900   -999.900
    -44.650     -3.835     -4.038   -999.900   -999.900      0.203      0.000    -44.650    -44.650     -3.835     -4.038   -999.900   -999.900
    -49.650     -8.609     -8.988   -999.900   -999.900      0.379      0.000    -49.650    -49.650     -8.609     -8.988   -999.900   -999.900
    -54.650    -13.488    -13.905   -999.900   -999.900      0.417      0.000    -54.650    -54.650    -13.488    -13.905   -999.900   -999.900
    -59.650    -18.364    -18.698   -999.900   -999.900      0.334      0.000    -59.650    -59.650    -18.364    -18.698   -999.900   -999.900
    -64.650    -23.302    -23.501   -999.900   -999.900      0.199      0.000    -64.650    -64.650    -23.303    -23.502   -999.900   -999.900
    -69.650    -28.230    -28.337   -999.900   -999.900      0.107      0.000    -69.650    -69.650    -28.233    -28.339   -999.900   -999.900
    -74.650    -33.046    -33.208   -999.900   -999.900      0.162      0.000    -74.650    -74.650    -33.055    -33.215   -999.900   -999.900
    -80.700    -39.373    -40.333   -999.900   -999.900      0.960      0.000    -80.700    -80.700    -39.411    -40.370   -999.900   -999.900
    -85.700    -44.225    -45.165   -999.900   -999.900      0.940      0.000    -85.700    -85.700    -44.341    -45.280   -999.900   -999.900
    -90.700    -49.062    -49.327   -999.900   -999.900      0.265      0.000    -90.700    -90.700    -49.424    -49.633   -999.900   -999.900
    -95.700    -53.698    -53.132   -999.900   -999.900     -0.566      0.000    -95.700    -95.700    -54.849    -53.907   -999.900   -999.900
   -100.700    -57.227    -56.638   -999.900   -999.900     -0.589      0.000   -100.700   -100.700    -60.458    -58.619   -999.900   -999.900
   -105.700    -59.246    -58.736   -999.900   -999.900     -0.510      0.000   -105.700   -105.700    -67.082    -62.648   -999.900   -999.900
   -110.700    -59.961    -60.252   -999.900   -999.900      0.291      0.000   -110.700   -110.700    -78.171    -68.261   -999.900   -999.900
   -115.700    -59.966    -60.403   -999.900   -999.900      0.437      0.000   -115.700   -115.700    -78.515    -69.318   -999.900   -999.900
   -115.700    -59.894    -60.661   -999.900   -999.900      0.767      0.000   -115.700   -115.700    -75.097    -71.909   -999.900   -999.900
   -120.700    -60.036    -61.329   -999.900   -999.900      1.293      0.000   -120.700   -120.700    -75.097    -71.909   -999.900   -999.900
   -125.700    -60.117    -61.349   -999.900   -999.900      1.232      0.000   -125.700   -125.700    -75.097    -71.909   -999.900   -999.900
   -130.700    -60.127    -61.353   -999.900   -999.900      1.226      0.000   -130.700   -130.700    -75.097    -71.909   -999.900   -999.900
