    -36.030      8.159      6.624   -999.900   -999.900      1.535      0.000    -36.030    -36.030      8.159      6.624   -999.900   -999.900
    -38.030      6.830      5.139   -999.900   -999.900      1.691      0.000    -38.030    -38.030      6.830      5.139   -999.900   -999.900
    -40.030      5.191      3.397   -999.900   -999.900      1.794      0.000    -40.030    -40.030      5.191      3.397   -999.900   -999.900
    -42.030      3.354      1.503   -999.900   -999.900      1.851      0.000    -42.030    -42.030      3.354      1.503   -999.900   -999.900
    -44.030      1.454     -0.422   -999.900   -999.900      1.876      0.000    -44.030    -44.030      1.454     -0.422   -999.900   -999.900
    -47.030     -1.458     -3.344   -999.900   -999.900      1.886      0.000    -47.030    -47.030     -1.458     -3.344   -999.900   -999.900
    -52.030     -6.361     -8.243   -999.900   -999.900      1.882      0.000    -52.030    -52.030     -6.361     -8.243   -999.900   -999.900
    -57.030    -11.328    -13.212   -999.900   -999.900      1.884      0.000    -57.030    -57.030    -11.328    -13.212   -999.900   -999.900
    -62.030    -16.268    -18.138   -999.900   -999.900      1.870      0.000    -62.030    -62.030    -16.268    -18.138   -999.900   -999.900
    -67.030    -21.244    -23.130   -999.900   -999.900      1.886      0.000    -67.030    -67.030    -21.244    -23.130   -999.900   -999.900
    -72.030    -26.190    -28.056   -999.900   -999.900      1.866      0.000    -72.030    -72.030    -26.191    -28.057   -999.900   -999.900
    -77.030    -31.183    -33.079   -999.900   -999.900      1.896      0.000    -77.030    -77.030    -31.185    -33.081   -999.900   -999.900
    -82.030    -36.012    -37.964   -999.900   -999.900      1.952      0.000    -82.030    -82.030    -36.018    -37.970   -999.900   -999.900
    -87.030    -40.950    -42.961   -999.900   -999.900      2.011      0.000    -87.030    -87.030    -40.970    -42.981   -999.900   -999.900
    -92.030    -45.633    -47.795   -999.900   -999.900      2.162      0.000    -92.030    -92.030    -45.693    -47.857   -999.900   -999.900
    -97.030    -50.313    -52.694   -999.900   -999.900      2.381      0.000    -97.030    -97.030    -50.491    -52.887   -999.900   -999.900
   -102.030    -54.477    -57.026   -999.900   -999.900      2.549      0.000   -102.030   -102.030    -54.956    -57.571   -999.900   -999.900
   -106.030    -57.586    -60.454   -999.900   -999.900      2.868      0.000   -106.030   -106.030    -58.631    -61.761   -999.900   -999.900
   -110.030    -59.933    -63.035   -999.900   -999.900      3.102      0.000   -110.030   -110.030    -61.920    -65.799   -999.900   -999.900
   -112.030    -60.966    -64.110   -999.900   -999.900      3.144      0.000   -112.030   -112.030    -63.688    -68.123   -999.900   -999.900
   -114.030    -61.783    -64.838   -999.900   -999.900      3.055      0.000   -114.030   -114.030    -65.369    -70.262   -999.900   -999.900
   -116.030    -62.399    -65.396   -999.900   -999.900      2.997      0.000   -116.030   -116.030    -66.931    -72.631   -999.900   -999.900
   -119.030    -63.148    -65.919   -999.900   -999.900      2.771      0.000   -119.030   -119.030    -69.525    -76.612   -999.900   -999.900
   -122.030    -63.484    -66.202   -999.900   -999.900      2.718      0.000   -122.030   -122.030    -71.221    -82.463   -999.900   -999.900
   -127.030    -64.125    -66.387   -999.900   -999.900      2.262      0.000   -127.030   -127.030    -78.546    -82.463   -999.900   -999.900
   -132.030    -64.389    -66.434   -999.900   -999.900      2.045      0.000   -132.030   -132.030    -78.546    -82.463   -999.900   -999.900
   -137.030    -64.526    -66.437   -999.900   -999.900      1.911      0.000   -137.030   -137.030    -78.546    -82.463   -999.900   -999.900
   -142.030    -64.570    -66.429   -999.900   -999.900      1.859      0.000   -142.030   -142.030    -78.546    -82.463   -999.900   -999.900
   -147.030    -64.630    -66.418   -999.900   -999.900      1.788      0.000   -147.030   -147.030    -78.546    -82.463   -999.900   -999.900
   -152.030    -64.752    -66.416   -999.900   -999.900      1.664      0.000   -152.030   -152.030    -78.546    -82.463   -999.900   -999.900
   -157.030    -65.003    -66.480   -999.900   -999.900      1.477      0.000   -157.030   -157.030    -78.546    -82.463   -999.900   -999.900
   -157.030    -65.006    -66.473   -999.900   -999.900      1.467      0.000   -157.030   -157.030    -78.546    -82.463   -999.900   -999.900
   -162.030    -65.005    -66.475   -999.900   -999.900      1.470      0.000   -162.030   -162.030    -78.546    -82.463   -999.900   -999.900
   -167.030    -65.003    -66.480   -999.900   -999.900      1.477      0.000   -167.030   -167.030    -78.546    -82.463   -999.900   -999.900
   -172.030    -65.004    -66.485   -999.900   -999.900      1.481      0.000   -172.030   -172.030    -78.546    -82.463   -999.900   -999.900
