    -27.030      8.066      6.498   -999.900   -999.900      1.568      0.000    -27.030    -27.030      8.066      6.498   -999.900   -999.900
    -29.030      6.714      4.982   -999.900   -999.900      1.732      0.000    -29.030    -29.030      6.714      4.982   -999.900   -999.900
    -31.030      5.065      3.223   -999.900   -999.900      1.842      0.000    -31.030    -31.030      5.065      3.223   -999.900   -999.900
    -33.030      3.208      1.344   -999.900   -999.900      1.864      0.000    -33.030    -33.030      3.208      1.344   -999.900   -999.900
    -35.030      1.310     -0.575   -999.900   -999.900      1.885      0.000    -35.030    -35.030      1.310     -0.575   -999.900   -999.900
    -38.030     -1.591     -3.497   -999.900   -999.900      1.906      0.000    -38.030    -38.030     -1.591     -3.497   -999.900   -999.900
    -43.030     -6.508     -8.423   -999.900   -999.900      1.915      0.000    -43.030    -43.030     -6.508     -8.423   -999.900   -999.900
    -48.030    -11.485    -13.400   -999.900   -999.900      1.915      0.000    -48.030    -48.030    -11.485    -13.400   -999.900   -999.900
    -53.030    -16.455    -18.344   -999.900   -999.900      1.889      0.000    -53.030    -53.030    -16.455    -18.344   -999.900   -999.900
    -58.030    -21.428    -23.336   -999.900   -999.900      1.908      0.000    -58.030    -58.030    -21.428    -23.336   -999.900   -999.900
    -63.030    -26.376    -28.266   -999.900   -999.900      1.890      0.000    -63.030    -63.030    -26.376    -28.266   -999.900   -999.900
    -68.030    -31.378    -33.270   -999.900   -999.900      1.892      0.000    -68.030    -68.030    -31.379    -33.271   -999.900   -999.900
    -73.030    -36.243    -38.172   -999.900   -999.900      1.929      0.000    -73.030    -73.030    -36.246    -38.175   -999.900   -999.900
    -78.030    -41.227    -43.162   -999.900   -999.900      1.935      0.000    -78.030    -78.030    -41.236    -43.172   -999.900   -999.900
    -83.030    -46.092    -48.044   -999.900   -999.900      1.952      0.000    -83.030    -83.030    -46.120    -48.075   -999.900   -999.900
    -88.030    -50.918    -52.961   -999.900   -999.900      2.043      0.000    -88.030    -88.030    -51.005    -53.059   -999.900   -999.900
    -93.030    -55.554    -57.562   -999.900   -999.900      2.008      0.000    -93.030    -93.030    -55.812    -57.851   -999.900   -999.900
    -97.030    -59.157    -61.144   -999.900   -999.900      1.987      0.000    -97.030    -97.030    -59.772    -61.834   -999.900   -999.900
   -101.030    -62.145    -64.070   -999.900   -999.900      1.925      0.000   -101.030   -101.030    -63.469    -65.545   -999.900   -999.900
   -103.030    -63.530    -65.379   -999.900   -999.900      1.849      0.000   -103.030   -103.030    -65.478    -67.521   -999.900   -999.900
   -105.030    -64.593    -66.311   -999.900   -999.900      1.718      0.000   -105.030   -105.030    -67.283    -69.172   -999.900   -999.900
   -107.030    -65.408    -67.256   -999.900   -999.900      1.848      0.000   -107.030   -107.030    -68.945    -71.233   -999.900   -999.900
   -110.030    -66.173    -68.171   -999.900   -999.900      1.998      0.000   -110.030   -110.030    -70.915    -74.029   -999.900   -999.900
   -113.030    -66.841    -68.747   -999.900   -999.900      1.906      0.000   -113.030   -113.030    -73.317    -76.858   -999.900   -999.900
   -118.030    -67.458    -69.217   -999.900   -999.900      1.759      0.000   -118.030   -118.030    -77.170    -81.592   -999.900   -999.900
   -123.030    -67.813    -69.367   -999.900   -999.900      1.554      0.000   -123.030   -123.030    -82.931    -85.429   -999.900   -999.900
   -128.030    -67.818    -69.440   -999.900   -999.900      1.622      0.000   -128.030   -128.030    -83.096    -90.286   -999.900   -999.900
   -133.030    -67.932    -69.466   -999.900   -999.900      1.534      0.000   -133.030   -133.030    -92.076    -95.896   -999.900   -999.900
   -138.030    -67.936    -69.476   -999.900   -999.900      1.540      0.000   -138.030   -138.030    -93.262    -95.896   -999.900   -999.900
   -143.030    -67.940    -69.480   -999.900   -999.900      1.540      0.000   -143.030   -143.030    -94.898    -95.896   -999.900   -999.900
   -148.030    -68.013    -69.510   -999.900   -999.900      1.497      0.000   -148.030   -148.030    -94.898    -95.896   -999.900   -999.900
   -148.030    -68.011    -69.506   -999.900   -999.900      1.495      0.000   -148.030   -148.030    -94.898    -95.896   -999.900   -999.900
   -153.030    -68.011    -69.505   -999.900   -999.900      1.494      0.000   -153.030   -153.030    -94.898    -95.896   -999.900   -999.900
   -158.030    -68.010    -69.506   -999.900   -999.900      1.496      0.000   -158.030   -158.030    -94.898    -95.896   -999.900   -999.900
   -163.030    -68.010    -69.505   -999.900   -999.900      1.495      0.000   -163.030   -163.030    -94.898    -95.896   -999.900   -999.900
