    -34.430     -0.793     -1.382   -999.900   -999.900      0.589      0.000    -34.430    -34.430     -0.793     -1.382   -999.900   -999.900
    -39.430     -5.585     -6.165   -999.900   -999.900      0.580      0.000    -39.430    -39.430     -5.585     -6.165   -999.900   -999.900
    -44.430    -10.454    -11.042   -999.900   -999.900      0.588      0.000    -44.430    -44.430    -10.454    -11.042   -999.900   -999.900
    -49.430    -15.344    -15.912   -999.900   -999.900      0.568      0.000    -49.430    -49.430    -15.344    -15.912   -999.900   -999.900
    -54.430    -20.156    -20.714   -999.900   -999.900      0.558      0.000    -54.430    -54.430    -20.156    -20.714   -999.900   -999.900
    -59.430    -24.966    -25.545   -999.900   -999.900      0.579      0.000    -59.430    -59.430    -24.966    -25.545   -999.900   -999.900
    -64.430    -29.790    -30.325   -999.900   -999.900      0.535      0.000    -64.430    -64.430    -29.791    -30.326   -999.900   -999.900
    -69.430    -34.587    -35.073   -999.900   -999.900      0.486      0.000    -69.430    -69.430    -34.589    -35.075   -999.900   -999.900
    -74.430    -39.379    -39.612   -999.900   -999.900      0.233      0.000    -74.430    -74.430    -39.384    -39.616   -999.900   -999.900
    -79.430    -44.081    -44.205   -999.900   -999.900      0.124      0.000    -79.430    -79.430    -44.095    -44.217   -999.900   -999.900
   -119.430    -68.876    -69.678   -999.900   -999.900      0.802      0.000   -119.430   -119.430   -101.577    -96.208   -999.900   -999.900
   -119.430    -68.878    -69.687   -999.900   -999.900      0.809      0.000   -119.430   -119.430   -110.037   -107.829   -999.900   -999.900
   -124.430    -68.875    -69.690   -999.900   -999.900      0.815      0.000   -124.430   -124.430   -100.027   -107.829   -999.900   -999.900
   -129.430    -68.879    -69.685   -999.900   -999.900      0.806      0.000   -129.430   -129.430   -100.027   -107.829   -999.900   -999.900
   -134.430    -68.881    -69.688   -999.900   -999.900      0.807      0.000   -134.430   -134.430   -100.027   -107.829   -999.900   -999.900
