2015 07 01 17 30 00 2015 07 01 22 25 00
2015 07 07 14 55 00 2015 07 07 21 20 00
2015 07 09 16 30 00 2015 07 09 23 45 00
2015 07 12 14 50 00 2015 07 12 21 35 00
2015 07 14 16 40 00 2015 07 15 00 25 00
2015 07 17 14 55 00 2015 07 17 21 50 00
2015 07 19 16 20 00 2015 07 20 00 10 00
2015 07 22 15 00 00 2015 07 22 22 10 00
2015 07 24 16 25 00 2015 07 25 00 30 00
2015 07 27 15 00 00 2015 07 27 22 15 00
2015 07 29 16 30 00 2015 07 30 00 10 00
2015 08 01 14 50 00 2015 08 01 22 40 00
2015 08 03 16 25 00 2015 08 03 23 45 00
2015 08 07 14 50 00 2015 08 07 22 10 00
2015 08 09 16 25 00 2015 08 09 23 50 00
2015 08 12 15 25 00 2015 08 12 22 05 00
