2015 07 01 18 00 00 2015 07 01 21 58 00
2015 07 07 16 42 00 2015 07 07 19 00 00
2015 07 09 16 40 00 2015 07 09 23 12 00
2015 07 12 16 00 00 2015 07 12 21 05 00
2015 07 14 17 00 00 2015 07 14 23 30 00
2015 07 17 15 30 00 2015 07 17 21 30 00
2015 07 19 16 45 00 2015 07 19 23 20 00
2015 07 22 15 35 00 2015 07 22 21 30 00
2015 07 24 16 40 00 2015 07 24 23 50 00
2015 07 27 15 40 00 2015 07 27 21 40 00
2015 07 29 17 00 00 2015 07 29 23 30 00
2015 08 01 16 00 00 2015 08 01 22 00 00
2015 08 03 16 40 00 2015 08 03 23 00 00
2015 08 07 15 30 00 2015 08 07 21 30 00
2015 08 09 16 55 00 2015 08 09 23 15 00
2015 08 12 15 55 00 2015 08 12 21 30 00
