2021 05 29 15 20 00 2021 05 29 20 00 00
2021 06 01 16 50 00 2021 06 01 21 20 00
2021 06 02 20 45 00 2021 06 03 01 30 00
2021 06 05 13 50 00 2021 06 05 15 50 00
2021 06 05 17 30 00 2021 06 05 22 05 00
2021 06 09 19 55 00 2021 06 09 23 40 00
2021 06 11 17 50 00 2021 06 12 00 05 00
2021 06 17 18 25 00 2021 06 17 19 30 00
2021 06 17 21 55 00 2021 06 18 00 50 00
2021 06 20 18 55 00 2021 06 20 19 50 00
2021 06 20 21 25 00 2021 06 21 02 05 00
2021 06 21 03 00 00 2021 06 21 04 05 00
2021 06 24 19 55 00 2021 06 24 23 50 00
2021 06 25 18 55 00 2021 06 25 22 55 00
