2019 08 07 11 20 00 2019 08 07 17 40 00
2019 08 11 11 45 00 2019 08 11 18 15 00
2019 08 12 11 20 00 2019 08 12 17 40 00
2019 08 16 11 25 00 2019 08 16 18 40 00
2019 08 17 11 40 00 2019 08 17 18 00 00
2019 08 18 12 25 00 2019 08 18 18 45 00
2019 08 22 11 20 00 2019 08 22 19 20 00
2019 08 23 11 15 00 2019 08 23 17 35 00
2019 08 25 11 20 00 2019 08 25 18 55 00
2019 09 03 11 20 00 2019 09 03 18 20 00
2019 09 04 11 25 00 2019 09 04 17 10 00
2019 09 09 12 50 00 2019 09 09 20 25 00
2019 09 17 13 55 00 2019 09 17 19 55 00
2019 09 21 11 25 00 2019 09 21 18 10 00
2019 09 22 11 40 00 2019 09 22 17 55 00
2019 09 24 11 30 00 2019 09 24 17 29 00
2019 09 25 11 35 00 2019 09 25 17 30 00
2019 09 27 11 50 00 2019 09 27 17 40 00
2019 09 28 11 35 00 2019 09 28 19 15 00
2019 09 30 11 25 00 2019 09 30 17 25 00
2019 10 01 11 35 00 2019 10 01 17 45 00
2019 10 02 11 40 00 2019 10 02 16 25 00
