2018 01 15 22 35 00 2018 01 16 06 10 00
2018 01 19 00 30 00 2018 01 19 07 45 00
2018 01 22 20 50 00 2018 01 23 04 15 00
2018 01 23 23 00 00 2018 01 24 06 15 00
2018 01 25 22 40 00 2018 01 26 06 00 00
2018 01 28 22 40 00 2018 01 29 06 15 00
2018 01 30 23 25 00 2018 01 31 08 35 00
2018 02 03 23 00 00 2018 02 04 06 50 00
2018 02 04 22 40 00 2018 02 05 07 05 00
2018 02 07 20 40 00 2018 02 08 05 15 00
2018 02 16 23 35 00 2018 02 17 06 25 00
2018 02 17 23 40 00 2018 02 18 07 55 00
2018 02 19 22 45 00 2018 02 20 06 40 00
2018 02 21 22 35 00 2018 02 22 06 50 00
2018 02 24 01 50 00 2018 02 24 08 40 00
