2015 07 01 16 50 00 2015 07 01 22 30 00
2015 07 07 13 50 00 2015 07 07 21 20 00
2015 07 09 16 20 00 2015 07 09 23 50 00
2015 07 12 13 45 00 2015 07 12 21 20 00
2015 07 14 15 15 00 2015 07 15 00 05 00
2015 07 17 14 50 00 2015 07 17 21 55 00
2015 07 19 16 15 00 2015 07 20 00 15 00
2015 07 22 13 50 00 2015 07 22 22 15 00
2015 07 24 14 55 00 2015 07 25 00 25 00
2015 07 27 14 35 00 2015 07 27 22 15 00
2015 07 29 15 40 00 2015 07 30 00 05 00
2015 08 01 14 40 00 2015 08 01 22 35 00
2015 08 03 16 15 00 2015 08 03 23 35 00
2015 08 07 14 50 00 2015 08 07 22 10 00
2015 08 09 15 55 00 2015 08 09 23 40 00
2015 08 12 15 15 00 2015 08 12 22 05 00
