    -34.650    -59.282      5.399   -999.900   -999.900    -64.682      0.000    -34.650    -34.650    -66.941      5.399   -999.900   -999.900
    -39.650    -59.759      0.818   -999.900   -999.900    -60.577      0.000    -39.650    -39.650    -70.988      0.818   -999.900   -999.900
    -44.650    -59.992     -4.062   -999.900   -999.900    -55.930      0.000    -44.650    -44.650    -76.113     -4.062   -999.900   -999.900
    -49.650    -60.074     -9.003   -999.900   -999.900    -51.071      0.000    -49.650    -49.650    -82.389     -9.003   -999.900   -999.900
    -54.650    -59.959    -13.909   -999.900   -999.900    -46.050      0.000    -54.650    -54.650    -74.941    -13.909   -999.900   -999.900
    -59.650    -59.950    -18.556   -999.900   -999.900    -41.394      0.000    -59.650    -59.650    -74.663    -18.556   -999.900   -999.900
    -64.650    -60.015    -23.150   -999.900   -999.900    -36.865      0.000    -64.650    -64.650    -77.193    -23.151   -999.900   -999.900
    -69.650    -60.071    -28.083   -999.900   -999.900    -31.988      0.000    -69.650    -69.650    -82.014    -28.085   -999.900   -999.900
    -74.650    -59.983    -33.207   -999.900   -999.900    -26.775      0.000    -74.650    -74.650    -75.751    -33.214   -999.900   -999.900
    -80.700    -59.792    -39.923   -999.900   -999.900    -19.869      0.000    -80.700    -80.700    -71.450    -39.955   -999.900   -999.900
    -85.700    -59.987    -44.678   -999.900   -999.900    -15.309      0.000    -85.700    -85.700    -75.930    -44.776   -999.900   -999.900
    -90.700    -60.034    -49.003   -999.900   -999.900    -11.032      0.000    -90.700    -90.700    -78.322    -49.272   -999.900   -999.900
    -95.700    -59.996    -53.027   -999.900   -999.900     -6.969      0.000    -95.700    -95.700    -76.288    -53.741   -999.900   -999.900
   -100.700    -59.951    -56.859   -999.900   -999.900     -3.093      0.000   -100.700   -100.700    -74.701    -58.841   -999.900   -999.900
   -105.700    -59.946    -59.140   -999.900   -999.900     -0.807      0.000   -105.700   -105.700    -74.553    -63.338   -999.900   -999.900
   -110.700    -60.045    -60.154   -999.900   -999.900      0.109      0.000   -110.700   -110.700    -79.096    -66.781   -999.900   -999.900
   -115.700    -60.049    -60.880   -999.900   -999.900      0.830      0.000   -115.700   -115.700    -79.466    -72.132   -999.900   -999.900
   -115.700    -60.075    -60.981   -999.900   -999.900      0.907      0.000   -115.700   -115.700    -82.514    -73.735   -999.900   -999.900
   -120.700    -60.140    -61.410   -999.900   -999.900      1.270      0.000   -120.700   -120.700    -82.514    -73.735   -999.900   -999.900
   -125.700    -60.126    -61.420   -999.900   -999.900      1.294      0.000   -125.700   -125.700    -82.514    -73.735   -999.900   -999.900
   -130.700    -60.108    -61.434   -999.900   -999.900      1.326      0.000   -130.700   -130.700    -82.514    -73.735   -999.900   -999.900
