    -56.710    -60.824    -16.903   -999.900   -999.900    -43.921      0.000    -56.710    -56.710    -75.510    -16.903   -999.900   -999.900
    -61.710    -60.704    -21.827   -999.900   -999.900    -38.877      0.000    -61.710    -61.710    -72.890    -21.827   -999.900   -999.900
    -66.710    -60.706    -26.836   -999.900   -999.900    -33.870      0.000    -66.710    -66.710    -72.934    -26.837   -999.900   -999.900
    -71.710    -60.694    -31.936   -999.900   -999.900    -28.759      0.000    -71.710    -71.710    -72.737    -31.940   -999.900   -999.900
    -76.710    -60.678    -37.048   -999.900   -999.900    -23.630      0.000    -76.710    -76.710    -72.490    -37.063   -999.900   -999.900
    -81.710    -60.723    -42.077   -999.900   -999.900    -18.646      0.000    -81.710    -81.710    -73.219    -42.124   -999.900   -999.900
    -86.710    -60.850    -46.829   -999.900   -999.900    -14.021      0.000    -86.710    -86.710    -76.330    -46.970   -999.900   -999.900
    -91.710    -60.928    -51.346   -999.900   -999.900     -9.582      0.000    -91.710    -91.710    -80.709    -51.759   -999.900   -999.900
    -96.710    -60.958    -55.399   -999.900   -999.900     -5.558      0.000    -96.710    -96.710    -85.103    -56.537   -999.900   -999.900
   -101.710    -60.965    -58.693   -999.900   -999.900     -2.272      0.000   -101.710   -101.710    -87.507    -61.635   -999.900   -999.900
   -106.710    -60.968    -60.669   -999.900   -999.900     -0.299      0.000   -106.710   -106.710    -89.397    -67.160   -999.900   -999.900
   -111.710    -60.978    -61.481   -999.900   -999.900      0.503      0.000   -111.710   -111.710    -89.397    -73.353   -999.900   -999.900
   -116.710    -60.971    -61.726   -999.900   -999.900      0.755      0.000   -116.710   -116.710    -89.397    -81.419   -999.900   -999.900
   -121.710    -60.975    -61.780   -999.900   -999.900      0.805      0.000   -121.710   -121.710    -89.397    -81.419   -999.900   -999.900
   -121.710    -60.977    -61.778   -999.900   -999.900      0.801      0.000   -121.710   -121.710    -89.397    -81.419   -999.900   -999.900
   -126.710    -60.974    -61.789   -999.900   -999.900      0.815      0.000   -126.710   -126.710    -89.397    -81.419   -999.900   -999.900
   -131.710    -60.973    -61.782   -999.900   -999.900      0.809      0.000   -131.710   -131.710    -89.397    -81.419   -999.900   -999.900
   -136.710    -60.976    -61.781   -999.900   -999.900      0.805      0.000   -136.710   -136.710    -89.397    -81.419   -999.900   -999.900
