    -35.730    -58.929     -2.060   -999.900   -999.900    -56.869      0.000    -35.730    -35.730    -60.137     -2.060   -999.900   -999.900
    -40.730    -63.136     -7.004   -999.900   -999.900    -56.132      0.000    -40.730    -40.730    -67.570     -7.004   -999.900   -999.900
    -45.730    -64.893    -12.001   -999.900   -999.900    -52.893      0.000    -45.730    -45.730    -78.761    -12.001   -999.900   -999.900
    -50.730    -64.670    -16.990   -999.900   -999.900    -47.681      0.000    -50.730    -50.730    -75.172    -16.990   -999.900   -999.900
    -55.730    -64.115    -22.033   -999.900   -999.900    -42.082      0.000    -55.730    -55.730    -71.138    -22.033   -999.900   -999.900
    -60.730    -64.298    -27.136   -999.900   -999.900    -37.162      0.000    -60.730    -60.730    -72.153    -27.136   -999.900   -999.900
    -65.730    -64.050    -32.218   -999.900   -999.900    -31.832      0.000    -65.730    -65.730    -70.821    -32.219   -999.900   -999.900
    -70.730    -63.906    -37.326   -999.900   -999.900    -26.580      0.000    -70.730    -70.730    -70.174    -37.331   -999.900   -999.900
    -75.730    -63.382    -42.540   -999.900   -999.900    -20.842      0.000    -75.730    -75.730    -68.292    -42.557   -999.900   -999.900
    -80.730    -63.277    -48.003   -999.900   -999.900    -15.273      0.000    -80.730    -80.730    -67.974    -48.066   -999.900   -999.900
    -85.730    -63.372    -53.282   -999.900   -999.900    -10.090      0.000    -85.730    -85.730    -68.261    -53.496   -999.900   -999.900
    -90.730    -63.439    -57.735   -999.900   -999.900     -5.704      0.000    -90.730    -90.730    -68.469    -58.358   -999.900   -999.900
    -95.730    -63.362    -59.638   -999.900   -999.900     -3.724      0.000    -95.730    -95.730    -68.230    -60.646   -999.900   -999.900
   -125.730    -65.072    -66.474   -999.900   -999.900      1.402      0.000   -125.730   -125.730    -96.312    -60.646   -999.900   -999.900
   -125.730    -65.082    -66.472   -999.900   -999.900      1.391      0.000   -125.730   -125.730    -96.312    -60.646   -999.900   -999.900
   -130.730    -65.072    -66.472   -999.900   -999.900      1.400      0.000   -130.730   -130.730    -96.312    -60.646   -999.900   -999.900
   -135.730    -65.076    -66.474   -999.900   -999.900      1.398      0.000   -135.730   -135.730    -96.312    -60.646   -999.900   -999.900
   -140.730    -65.075    -66.477   -999.900   -999.900      1.403      0.000   -140.730   -140.730    -96.312    -60.646   -999.900   -999.900
