    -35.670    -13.543    -60.714   -999.900   -999.900     47.170      0.000    -35.670    -35.670    -13.543    -80.525   -999.900   -999.900
    -40.670    -18.763    -60.769   -999.900   -999.900     42.006      0.000    -40.670    -40.670    -18.764    -80.525   -999.900   -999.900
    -45.670    -24.064    -60.710   -999.900   -999.900     36.646      0.000    -45.670    -45.670    -24.065    -80.525   -999.900   -999.900
    -50.670    -29.400    -60.624   -999.900   -999.900     31.224      0.000    -50.670    -50.670    -29.404    -80.525   -999.900   -999.900
    -55.670    -34.703    -60.605   -999.900   -999.900     25.902      0.000    -55.670    -55.670    -34.716    -80.525   -999.900   -999.900
    -60.670    -39.715    -60.649   -999.900   -999.900     20.935      0.000    -60.670    -60.670    -39.758    -80.525   -999.900   -999.900
    -65.670    -44.641    -60.700   -999.900   -999.900     16.060      0.000    -65.670    -65.670    -44.776    -80.525   -999.900   -999.900
    -70.670    -49.467    -60.749   -999.900   -999.900     11.282      0.000    -70.670    -70.670    -49.891    -80.525   -999.900   -999.900
    -75.670    -53.859    -60.785   -999.900   -999.900      6.927      0.000    -75.670    -75.670    -55.143    -80.525   -999.900   -999.900
    -82.520    -57.280    -60.739   -999.900   -999.900      3.459      0.000    -82.520    -82.520    -60.873    -80.525   -999.900   -999.900
    -87.520    -59.235    -60.685   -999.900   -999.900      1.451      0.000    -87.520    -87.520    -68.538    -80.525   -999.900   -999.900
    -92.520    -59.966    -60.645   -999.900   -999.900      0.679      0.000    -92.520    -92.520    -68.538    -80.525   -999.900   -999.900
    -97.520    -60.120    -60.676   -999.900   -999.900      0.555      0.000    -97.520    -97.520    -68.538    -80.525   -999.900   -999.900
   -102.520    -60.058    -60.683   -999.900   -999.900      0.626      0.000   -102.520   -102.520    -68.538    -80.525   -999.900   -999.900
   -107.520    -60.001    -60.692   -999.900   -999.900      0.691      0.000   -107.520   -107.520    -68.538    -80.525   -999.900   -999.900
   -112.520    -59.946    -60.709   -999.900   -999.900      0.763      0.000   -112.520   -112.520    -68.538    -80.525   -999.900   -999.900
   -117.520    -59.889    -60.728   -999.900   -999.900      0.838      0.000   -117.520   -117.520    -68.538    -80.525   -999.900   -999.900
   -122.520    -59.840    -60.741   -999.900   -999.900      0.900      0.000   -122.520   -122.520    -68.538    -80.525   -999.900   -999.900
   -122.520    -59.796    -60.751   -999.900   -999.900      0.955      0.000   -122.520   -122.520    -68.538    -80.525   -999.900   -999.900
   -127.520    -59.758    -60.773   -999.900   -999.900      1.015      0.000   -127.520   -127.520    -68.538    -80.525   -999.900   -999.900
   -132.520    -59.712    -60.777   -999.900   -999.900      1.066      0.000   -132.520   -132.520    -68.538    -80.525   -999.900   -999.900
   -137.520    -59.670    -60.785   -999.900   -999.900      1.116      0.000   -137.520   -137.520    -68.538    -80.525   -999.900   -999.900
