    -25.200    -55.443      7.718   -999.900   -999.900    -63.161      0.000    -25.200    -25.200    -55.868      7.718   -999.900   -999.900
    -30.200    -58.791      4.146   -999.900   -999.900    -62.937      0.000    -30.200    -30.200    -59.768      4.146   -999.900   -999.900
    -35.200    -60.994     -0.436   -999.900   -999.900    -60.558      0.000    -35.200    -35.200    -62.762     -0.436   -999.900   -999.900
    -40.200    -62.405     -5.261   -999.900   -999.900    -57.144      0.000    -40.200    -40.200    -65.105     -5.261   -999.900   -999.900
    -45.200    -63.182    -10.080   -999.900   -999.900    -53.102      0.000    -45.200    -45.200    -66.684    -10.080   -999.900   -999.900
    -50.200    -63.526    -14.918   -999.900   -999.900    -48.609      0.000    -50.200    -50.200    -67.497    -14.918   -999.900   -999.900
    -55.200    -63.788    -19.758   -999.900   -999.900    -44.030      0.000    -55.200    -55.200    -68.183    -19.758   -999.900   -999.900
    -60.200    -63.825    -24.618   -999.900   -999.900    -39.206      0.000    -60.200    -60.200    -68.284    -24.619   -999.900   -999.900
    -65.200    -63.919    -29.490   -999.900   -999.900    -34.429      0.000    -65.200    -65.200    -68.552    -29.492   -999.900   -999.900
    -71.150    -65.749    -35.868   -999.900   -999.900    -29.881      0.000    -71.150    -71.150   -100.516    -35.875   -999.900   -999.900
    -76.150    -65.724    -40.786   -999.900   -999.900    -24.938      0.000    -76.150    -76.150    -87.894    -40.807   -999.900   -999.900
    -81.150    -65.694    -45.725   -999.900   -999.900    -19.970      0.000    -81.150    -81.150    -84.627    -45.791   -999.900   -999.900
    -86.150    -65.685    -50.662   -999.900   -999.900    -15.022      0.000    -86.150    -86.150    -83.924    -50.872   -999.900   -999.900
    -91.150    -65.729    -55.538   -999.900   -999.900    -10.192      0.000    -91.150    -91.150    -88.940    -56.218   -999.900   -999.900
    -96.150    -65.739    -60.254   -999.900   -999.900     -5.486      0.000    -96.150    -96.150    -91.823    -62.691   -999.900   -999.900
   -101.150    -65.758    -63.767   -999.900   -999.900     -1.991      0.000   -101.150   -101.150    -91.823    -78.266   -999.900   -999.900
   -106.150    -65.723    -65.214   -999.900   -999.900     -0.509      0.000   -106.150   -106.150    -91.823    -78.266   -999.900   -999.900
   -111.150    -65.725    -63.922   -999.900   -999.900     -1.803      0.000   -111.150   -111.150    -91.823    -78.266   -999.900   -999.900
   -111.150    -65.723    -63.918   -999.900   -999.900     -1.805      0.000   -111.150   -111.150    -91.823    -78.266   -999.900   -999.900
   -116.150    -65.741    -63.929   -999.900   -999.900     -1.811      0.000   -116.150   -116.150    -91.823    -78.266   -999.900   -999.900
   -121.150    -65.749    -63.937   -999.900   -999.900     -1.812      0.000   -121.150   -121.150    -91.823    -78.266   -999.900   -999.900
   -126.150    -65.761    -63.905   -999.900   -999.900     -1.857      0.000   -126.150   -126.150    -91.823    -78.266   -999.900   -999.900
