    -34.430    -55.912     -1.336   -999.900   -999.900    -54.577      0.000    -34.430    -34.430    -56.376     -1.336   -999.900   -999.900
    -39.430    -57.253     -6.123   -999.900   -999.900    -51.130      0.000    -39.430    -39.430    -57.897     -6.123   -999.900   -999.900
    -44.430    -58.210    -10.997   -999.900   -999.900    -47.214      0.000    -44.430    -44.430    -59.029    -10.997   -999.900   -999.900
    -49.430    -58.693    -15.888   -999.900   -999.900    -42.804      0.000    -49.430    -49.430    -59.618    -15.888   -999.900   -999.900
    -54.430    -58.840    -20.684   -999.900   -999.900    -38.156      0.000    -54.430    -54.430    -59.801    -20.684   -999.900   -999.900
    -59.430    -58.988    -25.450   -999.900   -999.900    -33.538      0.000    -59.430    -59.430    -59.986    -25.450   -999.900   -999.900
    -64.430    -59.295    -30.242   -999.900   -999.900    -29.053      0.000    -64.430    -64.430    -60.377    -30.243   -999.900   -999.900
    -69.430    -59.136    -34.967   -999.900   -999.900    -24.169      0.000    -69.430    -69.430    -60.174    -34.970   -999.900   -999.900
    -74.430    -59.051    -39.583   -999.900   -999.900    -19.468      0.000    -74.430    -74.430    -60.066    -39.591   -999.900   -999.900
    -79.430    -59.134    -44.104   -999.900   -999.900    -15.030      0.000    -79.430    -79.430    -60.172    -44.128   -999.900   -999.900
   -119.430    -65.854    -66.684   -999.900   -999.900      0.830      0.000   -119.430   -119.430    -93.446    -96.277   -999.900   -999.900
   -119.430    -65.859    -66.684   -999.900   -999.900      0.825      0.000   -119.430   -119.430    -98.015    -96.473   -999.900   -999.900
   -124.430    -65.860    -66.688   -999.900   -999.900      0.828      0.000   -124.430   -124.430   -101.835   -107.761   -999.900   -999.900
   -129.430    -65.860    -66.690   -999.900   -999.900      0.831      0.000   -129.430   -129.430   -100.018   -107.761   -999.900   -999.900
   -134.430    -65.864    -66.687   -999.900   -999.900      0.823      0.000   -134.430   -134.430   -100.018   -107.761   -999.900   -999.900
