    -25.200    -56.866      7.696   -999.900   -999.900    -64.562      0.000    -25.200    -25.200    -57.453      7.696   -999.900   -999.900
    -30.200    -61.363      4.104   -999.900   -999.900    -65.467      0.000    -30.200    -30.200    -63.273      4.104   -999.900   -999.900
    -35.200    -64.249     -0.473   -999.900   -999.900    -63.776      0.000    -35.200    -35.200    -69.358     -0.473   -999.900   -999.900
    -40.200    -65.415     -5.297   -999.900   -999.900    -60.118      0.000    -40.200    -40.200    -75.620     -5.297   -999.900   -999.900
    -45.200    -65.666    -10.143   -999.900   -999.900    -55.523      0.000    -45.200    -45.200    -79.480    -10.143   -999.900   -999.900
    -50.200    -65.690    -14.930   -999.900   -999.900    -50.760      0.000    -50.200    -50.200    -80.098    -14.930   -999.900   -999.900
    -55.200    -65.625    -19.792   -999.900   -999.900    -45.833      0.000    -55.200    -55.200    -78.587    -19.792   -999.900   -999.900
    -60.200    -65.628    -24.742   -999.900   -999.900    -40.886      0.000    -60.200    -60.200    -78.647    -24.742   -999.900   -999.900
    -65.200    -65.567    -29.486   -999.900   -999.900    -36.081      0.000    -65.200    -65.200    -77.563    -29.487   -999.900   -999.900
    -71.150    -65.698    -35.863   -999.900   -999.900    -29.835      0.000    -71.150    -71.150    -80.324    -35.867   -999.900   -999.900
    -76.150    -65.756    -40.739   -999.900   -999.900    -25.017      0.000    -76.150    -76.150    -82.434    -40.750   -999.900   -999.900
    -81.150    -65.669    -45.556   -999.900   -999.900    -20.113      0.000    -81.150    -81.150    -79.552    -45.590   -999.900   -999.900
    -86.150    -65.667    -50.346   -999.900   -999.900    -15.321      0.000    -86.150    -86.150    -79.504    -50.448   -999.900   -999.900
    -91.150    -65.635    -55.100   -999.900   -999.900    -10.535      0.000    -91.150    -91.150    -78.789    -55.414   -999.900   -999.900
    -96.150    -65.645    -59.626   -999.900   -999.900     -6.019      0.000    -96.150    -96.150    -79.001    -60.582   -999.900   -999.900
   -101.150    -65.593    -63.192   -999.900   -999.900     -2.401      0.000   -101.150   -101.150    -77.994    -65.782   -999.900   -999.900
   -106.150    -65.664    -65.187   -999.900   -999.900     -0.477      0.000   -106.150   -106.150    -79.432    -70.579   -999.900   -999.900
   -111.150    -65.851    -66.671   -999.900   -999.900      0.820      0.000   -111.150   -111.150    -79.432    -70.579   -999.900   -999.900
   -111.150    -65.850    -66.666   -999.900   -999.900      0.816      0.000   -111.150   -111.150    -79.432    -70.579   -999.900   -999.900
   -116.150    -65.855    -66.669   -999.900   -999.900      0.814      0.000   -116.150   -116.150    -79.432    -70.579   -999.900   -999.900
   -121.150    -65.850    -66.666   -999.900   -999.900      0.816      0.000   -121.150   -121.150    -79.432    -70.579   -999.900   -999.900
   -126.150    -65.846    -66.669   -999.900   -999.900      0.823      0.000   -126.150   -126.150    -79.432    -70.579   -999.900   -999.900
