    -35.670    -58.165      6.210   -999.900   -999.900    -64.375      0.000    -35.670    -35.670    -62.651      6.210   -999.900   -999.900
    -40.670    -59.512      2.182   -999.900   -999.900    -61.693      0.000    -40.670    -40.670    -68.653      2.182   -999.900   -999.900
    -45.670    -59.741     -2.425   -999.900   -999.900    -57.316      0.000    -45.670    -45.670    -71.037     -2.425   -999.900   -999.900
    -50.670    -60.071     -7.129   -999.900   -999.900    -52.942      0.000    -50.670    -50.670    -89.564     -7.129   -999.900   -999.900
    -55.670    -59.992    -11.878   -999.900   -999.900    -48.115      0.000    -55.670    -55.670    -77.184    -11.878   -999.900   -999.900
    -60.670    -60.016    -16.614   -999.900   -999.900    -43.401      0.000    -60.670    -60.670    -78.605    -16.614   -999.900   -999.900
    -65.670    -59.944    -21.416   -999.900   -999.900    -38.528      0.000    -65.670    -65.670    -75.182    -21.417   -999.900   -999.900
    -70.670    -60.003    -26.502   -999.900   -999.900    -33.501      0.000    -70.670    -70.670    -77.773    -26.504   -999.900   -999.900
    -75.670    -60.049    -31.856   -999.900   -999.900    -28.193      0.000    -75.670    -75.670    -82.046    -31.862   -999.900   -999.900
    -82.520    -59.892    -38.085   -999.900   -999.900    -21.807      0.000    -82.520    -82.520    -73.716    -38.112   -999.900   -999.900
    -87.520    -59.965    -42.872   -999.900   -999.900    -17.093      0.000    -87.520    -87.520    -75.944    -42.953   -999.900   -999.900
    -92.520    -60.069    -47.387   -999.900   -999.900    -12.682      0.000    -92.520    -92.520    -87.676    -47.620   -999.900   -999.900
    -97.520    -60.140    -51.564   -999.900   -999.900     -8.575      0.000    -97.520    -97.520    -87.676    -52.202   -999.900   -999.900
   -102.520    -60.192    -55.139   -999.900   -999.900     -5.053      0.000   -102.520   -102.520    -87.676    -56.758   -999.900   -999.900
   -107.520    -60.228    -57.705   -999.900   -999.900     -2.523      0.000   -107.520   -107.520    -87.676    -61.288   -999.900   -999.900
   -112.520    -60.157    -59.142   -999.900   -999.900     -1.015      0.000   -112.520   -112.520    -87.676    -65.760   -999.900   -999.900
   -117.520    -60.081    -59.829   -999.900   -999.900     -0.251      0.000   -117.520   -117.520    -87.676    -70.605   -999.900   -999.900
   -122.520    -60.067    -60.155   -999.900   -999.900      0.088      0.000   -122.520   -122.520    -87.676    -79.264   -999.900   -999.900
   -122.520    -60.066    -60.229   -999.900   -999.900      0.164      0.000   -122.520   -122.520    -87.676    -79.264   -999.900   -999.900
   -127.520    -60.066    -60.297   -999.900   -999.900      0.232      0.000   -127.520   -127.520    -87.676    -79.264   -999.900   -999.900
   -132.520    -60.084    -60.354   -999.900   -999.900      0.269      0.000   -132.520   -132.520    -87.676    -79.264   -999.900   -999.900
   -137.520    -60.093    -60.413   -999.900   -999.900      0.320      0.000   -137.520   -137.520    -87.676    -79.264   -999.900   -999.900
