    -38.620    -57.763      5.497   -999.900   -999.900    -63.261      0.000    -38.620    -38.620    -61.273      5.497   -999.900   -999.900
    -43.620    -59.076      0.626   -999.900   -999.900    -59.703      0.000    -43.620    -43.620    -65.098      0.626   -999.900   -999.900
    -48.620    -59.560     -4.545   -999.900   -999.900    -55.015      0.000    -48.620    -48.620    -67.473     -4.545   -999.900   -999.900
    -53.620    -59.893     -9.642   -999.900   -999.900    -50.251      0.000    -53.620    -53.620    -70.126     -9.642   -999.900   -999.900
    -58.620    -60.136    -14.716   -999.900   -999.900    -45.420      0.000    -58.620    -58.620    -73.834    -14.716   -999.900   -999.900
    -63.620    -59.858    -19.561   -999.900   -999.900    -40.297      0.000    -63.620    -63.620    -69.770    -19.561   -999.900   -999.900
    -68.620    -59.873    -24.335   -999.900   -999.900    -35.538      0.000    -68.620    -68.620    -69.920    -24.336   -999.900   -999.900
    -73.620    -59.895    -29.144   -999.900   -999.900    -30.750      0.000    -73.620    -73.620    -70.145    -29.148   -999.900   -999.900
    -78.620    -59.956    -33.848   -999.900   -999.900    -26.108      0.000    -78.620    -78.620    -70.835    -33.858   -999.900   -999.900
    -83.970    -60.113    -41.207   -999.900   -999.900    -18.906      0.000    -83.970    -83.970    -73.314    -41.260   -999.900   -999.900
    -88.970    -60.160    -45.934   -999.900   -999.900    -14.226      0.000    -88.970    -88.970    -74.426    -46.095   -999.900   -999.900
    -93.970    -60.150    -50.275   -999.900   -999.900     -9.875      0.000    -93.970    -93.970    -74.170    -50.727   -999.900   -999.900
    -98.970    -60.155    -54.230   -999.900   -999.900     -5.925      0.000    -98.970    -98.970    -74.303    -55.455   -999.900   -999.900
   -103.970    -60.194    -57.411   -999.900   -999.900     -2.783      0.000   -103.970   -103.970    -75.449    -60.518   -999.900   -999.900
   -108.970    -60.225    -59.345   -999.900   -999.900     -0.880      0.000   -108.970   -108.970    -76.625    -66.284   -999.900   -999.900
   -113.970    -60.275    -60.086   -999.900   -999.900     -0.189      0.000   -113.970   -113.970    -79.641    -72.769   -999.900   -999.900
   -118.970    -60.317    -60.364   -999.900   -999.900      0.047      0.000   -118.970   -118.970    -87.228    -72.769   -999.900   -999.900
   -118.970    -60.320    -60.323   -999.900   -999.900      0.003      0.000   -118.970   -118.970    -88.937    -72.769   -999.900   -999.900
   -123.970    -60.337    -60.344   -999.900   -999.900      0.006      0.000   -123.970   -123.970    -88.937    -72.769   -999.900   -999.900
   -128.970    -60.330    -60.325   -999.900   -999.900     -0.005      0.000   -128.970   -128.970    -88.937    -72.769   -999.900   -999.900
   -133.970    -60.324    -60.278   -999.900   -999.900     -0.046      0.000   -133.970   -133.970    -88.937    -72.769   -999.900   -999.900
