    -56.710    -60.571    -16.254   -999.900   -999.900    -44.317      0.000    -56.710    -56.710    -70.935    -16.254   -999.900   -999.900
    -61.710    -60.486    -21.187   -999.900   -999.900    -39.299      0.000    -61.710    -61.710    -70.089    -21.187   -999.900   -999.900
    -66.710    -60.519    -26.177   -999.900   -999.900    -34.342      0.000    -66.710    -66.710    -70.397    -26.179   -999.900   -999.900
    -71.710    -60.521    -31.256   -999.900   -999.900    -29.265      0.000    -71.710    -71.710    -70.412    -31.260   -999.900   -999.900
    -76.710    -60.530    -36.405   -999.900   -999.900    -24.125      0.000    -76.710    -76.710    -70.501    -36.417   -999.900   -999.900
    -81.710    -60.613    -41.431   -999.900   -999.900    -19.181      0.000    -81.710    -81.710    -71.406    -41.471   -999.900   -999.900
    -86.710    -60.790    -46.247   -999.900   -999.900    -14.543      0.000    -86.710    -86.710    -74.248    -46.370   -999.900   -999.900
    -91.710    -60.902    -50.618   -999.900   -999.900    -10.283      0.000    -91.710    -91.710    -77.858    -50.963   -999.900   -999.900
    -96.710    -60.954    -54.608   -999.900   -999.900     -6.346      0.000    -96.710    -96.710    -81.766    -55.528   -999.900   -999.900
   -101.710    -60.960    -57.935   -999.900   -999.900     -3.025      0.000   -101.710   -101.710    -82.538    -60.233   -999.900   -999.900
   -106.710    -60.971    -59.995   -999.900   -999.900     -0.976      0.000   -106.710   -106.710    -84.426    -64.681   -999.900   -999.900
   -111.710    -60.982    -61.057   -999.900   -999.900      0.074      0.000   -111.710   -111.710    -88.266    -69.095   -999.900   -999.900
   -116.710    -60.984    -61.467   -999.900   -999.900      0.483      0.000   -116.710   -116.710    -89.317    -72.796   -999.900   -999.900
   -121.710    -60.990    -61.844   -999.900   -999.900      0.854      0.000   -121.710   -121.710   -106.249    -72.796   -999.900   -999.900
   -121.710    -60.993    -61.863   -999.900   -999.900      0.870      0.000   -121.710   -121.710   -106.249    -72.796   -999.900   -999.900
   -126.710    -60.991    -61.870   -999.900   -999.900      0.879      0.000   -126.710   -126.710   -106.249    -72.796   -999.900   -999.900
   -131.710    -60.991    -61.871   -999.900   -999.900      0.879      0.000   -131.710   -131.710   -106.249    -72.796   -999.900   -999.900
   -136.710    -60.993    -61.896   -999.900   -999.900      0.903      0.000   -136.710   -136.710   -106.249    -72.796   -999.900   -999.900
