    -30.780    -53.902      8.284   -999.900   -999.900    -62.186      0.000    -30.780    -30.780    -54.255      8.284   -999.900   -999.900
    -35.780    -57.821      5.180   -999.900   -999.900    -63.001      0.000    -35.780    -35.780    -58.750      5.180   -999.900   -999.900
    -40.780    -61.122      0.687   -999.900   -999.900    -61.809      0.000    -40.780    -40.780    -63.426      0.687   -999.900   -999.900
    -45.780    -63.196     -4.139   -999.900   -999.900    -59.057      0.000    -45.780    -45.780    -67.931     -4.139   -999.900   -999.900
    -50.780    -64.289     -9.054   -999.900   -999.900    -55.235      0.000    -50.780    -50.780    -72.640     -9.054   -999.900   -999.900
    -55.780    -64.692    -13.904   -999.900   -999.900    -50.787      0.000    -55.780    -55.780    -76.679    -13.904   -999.900   -999.900
    -60.780    -64.898    -18.829   -999.900   -999.900    -46.069      0.000    -60.780    -60.780    -82.403    -18.829   -999.900   -999.900
    -65.780    -64.940    -23.714   -999.900   -999.900    -41.226      0.000    -65.780    -65.780    -85.899    -23.714   -999.900   -999.900
    -70.780    -64.971    -28.659   -999.900   -999.900    -36.312      0.000    -70.780    -70.780    -94.644    -28.660   -999.900   -999.900
    -75.780    -64.964    -33.587   -999.900   -999.900    -31.377      0.000    -75.780    -75.780    -90.787    -33.589   -999.900   -999.900
    -80.780    -64.966    -38.401   -999.900   -999.900    -26.564      0.000    -80.780    -80.780    -91.433    -38.409   -999.900   -999.900
    -85.780    -64.977    -43.119   -999.900   -999.900    -21.858      0.000    -85.780    -85.780    -91.433    -43.141   -999.900   -999.900
    -90.780    -64.976    -47.903   -999.900   -999.900    -17.073      0.000    -90.780    -90.780    -91.433    -47.968   -999.900   -999.900
    -95.780    -64.979    -52.608   -999.900   -999.900    -12.371      0.000    -95.780    -95.780    -91.433    -52.803   -999.900   -999.900
   -100.780    -64.972    -57.008   -999.900   -999.900     -7.964      0.000   -100.780   -100.780    -91.433    -57.567   -999.900   -999.900
   -105.780    -64.969    -60.978   -999.900   -999.900     -3.992      0.000   -105.780   -105.780    -91.433    -62.535   -999.900   -999.900
   -110.780    -64.968    -63.737   -999.900   -999.900     -1.231      0.000   -110.780   -110.780    -91.433    -67.391   -999.900   -999.900
   -115.780    -64.976    -65.287   -999.900   -999.900      0.311      0.000   -115.780   -115.780    -91.433    -72.570   -999.900   -999.900
   -120.780    -64.975    -66.003   -999.900   -999.900      1.028      0.000   -120.780   -120.780    -91.433    -79.843   -999.900   -999.900
   -125.780    -64.971    -66.287   -999.900   -999.900      1.316      0.000   -125.780   -125.780    -91.433    -79.843   -999.900   -999.900
   -130.780    -64.976    -66.371   -999.900   -999.900      1.396      0.000   -130.780   -130.780    -91.433    -79.843   -999.900   -999.900
   -130.780    -64.974    -66.380   -999.900   -999.900      1.405      0.000   -130.780   -130.780    -91.433    -79.843   -999.900   -999.900
   -135.780    -64.976    -66.409   -999.900   -999.900      1.433      0.000   -135.780   -135.780    -91.433    -79.843   -999.900   -999.900
   -140.780    -64.976    -66.441   -999.900   -999.900      1.465      0.000   -140.780   -140.780    -91.433    -79.843   -999.900   -999.900
   -145.780    -64.979    -66.445   -999.900   -999.900      1.466      0.000   -145.780   -145.780    -91.433    -79.843   -999.900   -999.900
