    -26.700    -55.213      6.483   -999.900   -999.900    -61.696      0.000    -26.700    -26.700    -55.681      6.483   -999.900   -999.900
    -28.700    -57.065      5.013   -999.900   -999.900    -62.078      0.000    -28.700    -28.700    -57.804      5.013   -999.900   -999.900
    -30.700    -58.810      3.339   -999.900   -999.900    -62.149      0.000    -30.700    -30.700    -59.967      3.339   -999.900   -999.900
    -32.700    -60.311      1.572   -999.900   -999.900    -61.883      0.000    -32.700    -32.700    -62.053      1.572   -999.900   -999.900
    -34.700    -61.565     -0.199   -999.900   -999.900    -61.366      0.000    -34.700    -34.700    -64.091     -0.199   -999.900   -999.900
    -37.700    -63.032     -2.940   -999.900   -999.900    -60.092      0.000    -37.700    -37.700    -67.216     -2.940   -999.900   -999.900
    -42.700    -64.439     -7.417   -999.900   -999.900    -57.023      0.000    -42.700    -42.700    -72.825     -7.417   -999.900   -999.900
    -47.700    -65.011    -12.391   -999.900   -999.900    -52.620      0.000    -47.700    -47.700    -81.084    -12.391   -999.900   -999.900
    -52.700    -65.155    -17.397   -999.900   -999.900    -47.758      0.000    -52.700    -52.700    -81.084    -17.397   -999.900   -999.900
    -57.700    -65.163    -22.378   -999.900   -999.900    -42.784      0.000    -57.700    -57.700    -81.084    -22.379   -999.900   -999.900
    -62.700    -65.131    -27.352   -999.900   -999.900    -37.779      0.000    -62.700    -62.700    -81.084    -27.353   -999.900   -999.900
    -67.700    -65.105    -32.366   -999.900   -999.900    -32.738      0.000    -67.700    -67.700    -81.084    -32.368   -999.900   -999.900
    -72.700    -65.096    -37.357   -999.900   -999.900    -27.739      0.000    -72.700    -72.700    -81.084    -37.362   -999.900   -999.900
    -77.700    -65.086    -42.324   -999.900   -999.900    -22.762      0.000    -77.700    -77.700    -81.084    -42.339   -999.900   -999.900
    -82.700    -65.070    -47.311   -999.900   -999.900    -17.759      0.000    -82.700    -82.700    -81.084    -47.360   -999.900   -999.900
    -87.700    -65.070    -51.736   -999.900   -999.900    -13.334      0.000    -87.700    -87.700    -81.084    -51.872   -999.900   -999.900
    -92.700    -65.069    -55.679   -999.900   -999.900     -9.389      0.000    -92.700    -92.700    -81.084    -56.025   -999.900   -999.900
    -96.700    -65.072    -58.698   -999.900   -999.900     -6.374      0.000    -96.700    -96.700    -81.084    -59.421   -999.900   -999.900
   -100.700    -65.086    -61.279   -999.900   -999.900     -3.807      0.000   -100.700   -100.700    -81.084    -62.694   -999.900   -999.900
   -102.700    -65.090    -62.312   -999.900   -999.900     -2.779      0.000   -102.700   -102.700    -81.084    -64.201   -999.900   -999.900
   -104.700    -65.099    -63.251   -999.900   -999.900     -1.848      0.000   -104.700   -104.700    -81.084    -65.753   -999.900   -999.900
   -106.700    -65.090    -63.852   -999.900   -999.900     -1.238      0.000   -106.700   -106.700    -81.084    -66.886   -999.900   -999.900
   -109.700    -65.080    -64.740   -999.900   -999.900     -0.340      0.000   -109.700   -109.700    -81.084    -68.907   -999.900   -999.900
   -112.700    -65.072    -65.332   -999.900   -999.900      0.260      0.000   -112.700   -112.700    -81.084    -70.664   -999.900   -999.900
   -117.700    -65.067    -66.339   -999.900   -999.900      1.272      0.000   -117.700   -117.700    -81.084    -75.988   -999.900   -999.900
   -122.700    -65.070    -66.718   -999.900   -999.900      1.648      0.000   -122.700   -122.700    -81.084    -82.374   -999.900   -999.900
   -127.700    -65.071    -66.866   -999.900   -999.900      1.795      0.000   -127.700   -127.700    -81.084    -82.374   -999.900   -999.900
   -132.700    -65.064    -66.902   -999.900   -999.900      1.838      0.000   -132.700   -132.700    -81.084    -82.374   -999.900   -999.900
   -137.700    -65.083    -66.907   -999.900   -999.900      1.825      0.000   -137.700   -137.700    -81.084    -82.374   -999.900   -999.900
   -142.700    -65.087    -66.912   -999.900   -999.900      1.825      0.000   -142.700   -142.700    -81.084    -82.374   -999.900   -999.900
   -147.700    -65.173    -66.922   -999.900   -999.900      1.749      0.000   -147.700   -147.700    -81.084    -82.374   -999.900   -999.900
   -147.700    -65.175    -66.923   -999.900   -999.900      1.748      0.000   -147.700   -147.700    -81.084    -82.374   -999.900   -999.900
   -152.700    -65.173    -66.922   -999.900   -999.900      1.748      0.000   -152.700   -152.700    -81.084    -82.374   -999.900   -999.900
   -157.700    -65.179    -66.918   -999.900   -999.900      1.739      0.000   -157.700   -157.700    -81.084    -82.374   -999.900   -999.900
   -162.700    -65.179    -66.921   -999.900   -999.900      1.741      0.000   -162.700   -162.700    -81.084    -82.374   -999.900   -999.900
