    -35.730    -58.008      4.869   -999.900   -999.900    -62.878      0.000    -35.730    -35.730    -62.462      4.869   -999.900   -999.900
    -40.730    -58.923      0.241   -999.900   -999.900    -59.165      0.000    -40.730    -40.730    -65.740      0.241   -999.900   -999.900
    -45.730    -59.244     -4.634   -999.900   -999.900    -54.610      0.000    -45.730    -45.730    -67.555     -4.634   -999.900   -999.900
    -50.730    -59.587     -9.511   -999.900   -999.900    -50.076      0.000    -50.730    -50.730    -70.696     -9.511   -999.900   -999.900
    -55.730    -59.763    -14.259   -999.900   -999.900    -45.504      0.000    -55.730    -55.730    -73.820    -14.259   -999.900   -999.900
    -60.730    -59.658    -18.960   -999.900   -999.900    -40.698      0.000    -60.730    -60.730    -71.716    -18.960   -999.900   -999.900
    -65.730    -59.603    -23.834   -999.900   -999.900    -35.769      0.000    -65.730    -65.730    -70.907    -23.835   -999.900   -999.900
    -70.730    -59.597    -28.856   -999.900   -999.900    -30.741      0.000    -70.730    -70.730    -70.831    -28.859   -999.900   -999.900
    -75.730    -59.648    -34.046   -999.900   -999.900    -25.602      0.000    -75.730    -75.730    -71.562    -34.054   -999.900   -999.900
    -81.680    -59.571    -40.871   -999.900   -999.900    -18.700      0.000    -81.680    -81.680    -70.498    -40.911   -999.900   -999.900
    -86.680    -59.745    -45.750   -999.900   -999.900    -13.995      0.000    -86.680    -86.680    -73.398    -45.873   -999.900   -999.900
    -91.680    -59.807    -50.193   -999.900   -999.900     -9.614      0.000    -91.680    -91.680    -75.098    -50.543   -999.900   -999.900
    -96.680    -59.825    -54.345   -999.900   -999.900     -5.480      0.000    -96.680    -96.680    -75.786    -55.323   -999.900   -999.900
   -101.680    -59.859    -57.660   -999.900   -999.900     -2.199      0.000   -101.680   -101.680    -77.359    -60.120   -999.900   -999.900
   -106.680    -59.887    -59.756   -999.900   -999.900     -0.130      0.000   -106.680   -106.680    -79.288    -64.995   -999.900   -999.900
   -111.680    -59.915    -60.682   -999.900   -999.900      0.767      0.000   -111.680   -111.680    -82.915    -69.451   -999.900   -999.900
   -116.680    -59.949    -61.081   -999.900   -999.900      1.132      0.000   -116.680   -116.680    -82.915    -74.144   -999.900   -999.900
   -121.680    -59.972    -61.330   -999.900   -999.900      1.359      0.000   -121.680   -121.680    -82.915    -74.144   -999.900   -999.900
   -121.680    -59.951    -61.335   -999.900   -999.900      1.384      0.000   -121.680   -121.680    -82.915    -74.144   -999.900   -999.900
   -126.680    -59.929    -61.337   -999.900   -999.900      1.408      0.000   -126.680   -126.680    -82.915    -74.144   -999.900   -999.900
   -131.680    -59.919    -61.351   -999.900   -999.900      1.432      0.000   -131.680   -131.680    -82.915    -74.144   -999.900   -999.900
   -136.680    -59.902    -61.379   -999.900   -999.900      1.478      0.000   -136.680   -136.680    -82.915    -74.144   -999.900   -999.900
