    -26.500    -53.951      6.954   -999.900   -999.900    -60.905      0.000    -26.500    -26.500    -54.297      6.954   -999.900   -999.900
    -28.500    -55.574      5.596   -999.900   -999.900    -61.170      0.000    -28.500    -28.500    -56.086      5.596   -999.900   -999.900
    -30.500    -57.125      4.004   -999.900   -999.900    -61.128      0.000    -30.500    -30.500    -57.877      4.004   -999.900   -999.900
    -32.500    -58.541      2.261   -999.900   -999.900    -60.801      0.000    -32.500    -32.500    -59.622      2.261   -999.900   -999.900
    -34.500    -59.782      0.511   -999.900   -999.900    -60.293      0.000    -34.500    -34.500    -61.289      0.511   -999.900   -999.900
    -37.500    -61.475     -2.226   -999.900   -999.900    -59.249      0.000    -37.500    -37.500    -63.939     -2.226   -999.900   -999.900
    -42.500    -63.325     -6.653   -999.900   -999.900    -56.672      0.000    -42.500    -42.500    -68.049     -6.653   -999.900   -999.900
    -47.500    -64.328    -11.638   -999.900   -999.900    -52.690      0.000    -47.500    -47.500    -72.162    -11.638   -999.900   -999.900
    -52.500    -64.772    -16.630   -999.900   -999.900    -48.142      0.000    -52.500    -52.500    -76.037    -16.630   -999.900   -999.900
    -57.500    -64.928    -21.617   -999.900   -999.900    -43.311      0.000    -57.500    -57.500    -78.807    -21.617   -999.900   -999.900
    -62.500    -65.008    -26.588   -999.900   -999.900    -38.420      0.000    -62.500    -62.500    -81.365    -26.588   -999.900   -999.900
    -67.500    -65.047    -31.586   -999.900   -999.900    -33.461      0.000    -67.500    -67.500    -83.471    -31.587   -999.900   -999.900
    -72.500    -65.061    -36.586   -999.900   -999.900    -28.475      0.000    -72.500    -72.500    -84.621    -36.591   -999.900   -999.900
    -77.500    -65.072    -41.557   -999.900   -999.900    -23.514      0.000    -77.500    -77.500    -85.677    -41.572   -999.900   -999.900
    -82.500    -65.062    -46.538   -999.900   -999.900    -18.525      0.000    -82.500    -82.500    -84.736    -46.583   -999.900   -999.900
    -87.500    -65.045    -50.941   -999.900   -999.900    -14.104      0.000    -87.500    -87.500    -83.368    -51.066   -999.900   -999.900
    -92.500    -65.057    -54.946   -999.900   -999.900    -10.111      0.000    -92.500    -92.500    -84.280    -55.268   -999.900   -999.900
    -96.500    -65.055    -57.934   -999.900   -999.900     -7.121      0.000    -96.500    -96.500    -84.071    -58.599   -999.900   -999.900
   -100.500    -65.053    -60.556   -999.900   -999.900     -4.497      0.000   -100.500   -100.500    -83.911    -61.862   -999.900   -999.900
   -102.500    -65.054    -61.590   -999.900   -999.900     -3.464      0.000   -102.500   -102.500    -84.035    -63.325   -999.900   -999.900
   -104.500    -65.067    -62.452   -999.900   -999.900     -2.615      0.000   -104.500   -104.500    -85.210    -64.683   -999.900   -999.900
   -106.500    -65.089    -63.242   -999.900   -999.900     -1.847      0.000   -106.500   -106.500    -88.315    -66.097   -999.900   -999.900
   -109.500    -65.089    -64.080   -999.900   -999.900     -1.009      0.000   -109.500   -109.500    -88.439    -67.893   -999.900   -999.900
   -112.500    -65.079    -64.791   -999.900   -999.900     -0.289      0.000   -112.500   -112.500    -86.661    -69.853   -999.900   -999.900
   -117.500    -65.076    -65.852   -999.900   -999.900      0.776      0.000   -117.500   -117.500    -86.200    -75.018   -999.900   -999.900
   -122.500    -65.074    -66.265   -999.900   -999.900      1.190      0.000   -122.500   -122.500    -85.996    -80.998   -999.900   -999.900
   -127.500    -65.070    -66.397   -999.900   -999.900      1.327      0.000   -127.500   -127.500    -85.511    -90.779   -999.900   -999.900
   -132.500    -65.069    -66.465   -999.900   -999.900      1.396      0.000   -132.500   -132.500    -85.392    -90.779   -999.900   -999.900
   -137.500    -65.052    -66.486   -999.900   -999.900      1.434      0.000   -137.500   -137.500    -83.874    -90.779   -999.900   -999.900
   -142.500    -65.058    -66.493   -999.900   -999.900      1.435      0.000   -142.500   -142.500    -84.314    -90.779   -999.900   -999.900
   -147.500    -65.161    -66.530   -999.900   -999.900      1.370      0.000   -147.500   -147.500    -84.314    -90.779   -999.900   -999.900
   -147.500    -65.159    -66.526   -999.900   -999.900      1.368      0.000   -147.500   -147.500    -84.314    -90.779   -999.900   -999.900
   -152.500    -65.158    -66.526   -999.900   -999.900      1.369      0.000   -152.500   -152.500    -84.314    -90.779   -999.900   -999.900
   -157.500    -65.168    -66.530   -999.900   -999.900      1.362      0.000   -157.500   -157.500    -84.314    -90.779   -999.900   -999.900
   -162.500    -65.164    -66.523   -999.900   -999.900      1.359      0.000   -162.500   -162.500    -84.314    -90.779   -999.900   -999.900
