    -27.030    -53.275      6.495   -999.900   -999.900    -59.771      0.000    -27.030    -27.030    -53.579      6.495   -999.900   -999.900
    -29.030    -55.013      4.991   -999.900   -999.900    -60.004      0.000    -29.030    -29.030    -55.475      4.991   -999.900   -999.900
    -31.030    -56.688      3.239   -999.900   -999.900    -59.927      0.000    -31.030    -31.030    -57.385      3.239   -999.900   -999.900
    -33.030    -58.293      1.355   -999.900   -999.900    -59.648      0.000    -33.030    -33.030    -59.342      1.355   -999.900   -999.900
    -35.030    -59.706     -0.567   -999.900   -999.900    -59.139      0.000    -35.030    -35.030    -61.236     -0.567   -999.900   -999.900
    -38.030    -61.514     -3.494   -999.900   -999.900    -58.020      0.000    -38.030    -38.030    -64.113     -3.494   -999.900   -999.900
    -43.030    -63.484     -8.419   -999.900   -999.900    -55.066      0.000    -43.030    -43.030    -68.845     -8.419   -999.900   -999.900
    -48.030    -64.377    -13.393   -999.900   -999.900    -50.984      0.000    -48.030    -48.030    -73.264    -13.393   -999.900   -999.900
    -53.030    -64.719    -18.341   -999.900   -999.900    -46.378      0.000    -53.030    -53.030    -77.101    -18.341   -999.900   -999.900
    -58.030    -64.857    -23.317   -999.900   -999.900    -41.539      0.000    -58.030    -58.030    -80.457    -23.318   -999.900   -999.900
    -63.030    -64.912    -28.254   -999.900   -999.900    -36.657      0.000    -63.030    -63.030    -83.120    -28.255   -999.900   -999.900
    -68.030    -64.941    -33.261   -999.900   -999.900    -31.681      0.000    -68.030    -68.030    -85.718    -33.263   -999.900   -999.900
    -73.030    -64.949    -38.163   -999.900   -999.900    -26.787      0.000    -73.030    -73.030    -86.809    -38.169   -999.900   -999.900
    -78.030    -64.952    -43.149   -999.900   -999.900    -21.803      0.000    -78.030    -78.030    -87.216    -43.169   -999.900   -999.900
    -83.030    -64.963    -47.971   -999.900   -999.900    -16.992      0.000    -83.030    -83.030    -89.656    -48.033   -999.900   -999.900
    -88.030    -64.959    -52.824   -999.900   -999.900    -12.135      0.000    -88.030    -88.030    -88.559    -53.015   -999.900   -999.900
    -93.030    -64.962    -57.237   -999.900   -999.900     -7.725      0.000    -93.030    -93.030    -89.286    -57.786   -999.900   -999.900
    -97.030    -64.947    -60.497   -999.900   -999.900     -4.450      0.000    -97.030    -97.030    -86.443    -61.757   -999.900   -999.900
   -101.030    -64.935    -62.988   -999.900   -999.900     -1.947      0.000   -101.030   -101.030    -84.971    -65.559   -999.900   -999.900
   -103.030    -64.930    -63.984   -999.900   -999.900     -0.946      0.000   -103.030   -103.030    -84.497    -67.570   -999.900   -999.900
   -105.030    -64.932    -64.692   -999.900   -999.900     -0.240      0.000   -105.030   -105.030    -84.751    -69.398   -999.900   -999.900
   -107.030    -64.939    -65.264   -999.900   -999.900      0.326      0.000   -107.030   -107.030    -85.418    -71.369   -999.900   -999.900
   -110.030    -64.955    -65.791   -999.900   -999.900      0.836      0.000   -110.030   -110.030    -87.805    -74.091   -999.900   -999.900
   -113.030    -64.958    -66.122   -999.900   -999.900      1.163      0.000   -113.030   -113.030    -88.460    -77.065   -999.900   -999.900
   -118.030    -64.961    -66.368   -999.900   -999.900      1.407      0.000   -118.030   -118.030    -88.996    -82.064   -999.900   -999.900
   -123.030    -64.958    -66.447   -999.900   -999.900      1.488      0.000   -123.030   -123.030    -88.467    -86.900   -999.900   -999.900
   -128.030    -64.942    -66.479   -999.900   -999.900      1.537      0.000   -128.030   -128.030    -85.818    -94.640   -999.900   -999.900
   -133.030    -64.945    -66.482   -999.900   -999.900      1.537      0.000   -133.030   -133.030    -86.156    -96.724   -999.900   -999.900
   -138.030    -64.944    -66.492   -999.900   -999.900      1.548      0.000   -138.030   -138.030    -86.057    -96.724   -999.900   -999.900
   -143.030    -64.946    -66.499   -999.900   -999.900      1.553      0.000   -143.030   -143.030    -86.329    -96.724   -999.900   -999.900
   -148.030    -65.014    -66.522   -999.900   -999.900      1.507      0.000   -148.030   -148.030    -86.329    -96.724   -999.900   -999.900
   -148.030    -65.008    -66.519   -999.900   -999.900      1.511      0.000   -148.030   -148.030    -86.329    -96.724   -999.900   -999.900
   -153.030    -65.015    -66.512   -999.900   -999.900      1.497      0.000   -153.030   -153.030    -86.329    -96.724   -999.900   -999.900
   -158.030    -65.015    -66.519   -999.900   -999.900      1.504      0.000   -158.030   -158.030    -86.329    -96.724   -999.900   -999.900
   -163.030    -65.009    -66.510   -999.900   -999.900      1.501      0.000   -163.030   -163.030    -86.329    -96.724   -999.900   -999.900
