    -56.710    -59.628    -15.474   -999.900   -999.900    -44.154      0.000    -56.710    -56.710    -71.616    -15.474   -999.900   -999.900
    -61.710    -59.467    -20.581   -999.900   -999.900    -38.886      0.000    -61.710    -61.710    -69.590    -20.582   -999.900   -999.900
    -66.710    -59.466    -25.607   -999.900   -999.900    -33.859      0.000    -66.710    -66.710    -69.579    -25.609   -999.900   -999.900
    -71.710    -59.500    -30.621   -999.900   -999.900    -28.879      0.000    -71.710    -71.710    -69.940    -30.625   -999.900   -999.900
    -76.710    -59.573    -35.610   -999.900   -999.900    -23.963      0.000    -76.710    -76.710    -70.823    -35.622   -999.900   -999.900
    -81.710    -59.589    -40.595   -999.900   -999.900    -18.994      0.000    -81.710    -81.710    -71.036    -40.632   -999.900   -999.900
    -86.710    -59.656    -45.543   -999.900   -999.900    -14.113      0.000    -86.710    -86.710    -72.080    -45.662   -999.900   -999.900
    -91.710    -59.770    -50.126   -999.900   -999.900     -9.644      0.000    -91.710    -91.710    -74.701    -50.477   -999.900   -999.900
    -96.710    -59.864    -54.238   -999.900   -999.900     -5.626      0.000    -96.710    -96.710    -79.491    -55.206   -999.900   -999.900
   -101.710    -59.908    -57.576   -999.900   -999.900     -2.333      0.000   -101.710   -101.710    -91.194    -60.024   -999.900   -999.900
   -106.710    -59.869    -59.632   -999.900   -999.900     -0.237      0.000   -106.710   -106.710    -79.923    -64.743   -999.900   -999.900
   -111.710    -59.836    -60.518   -999.900   -999.900      0.681      0.000   -111.710   -111.710    -77.471    -68.706   -999.900   -999.900
   -116.710    -59.881    -60.854   -999.900   -999.900      0.973      0.000   -116.710   -116.710    -81.415    -71.645   -999.900   -999.900
   -121.710    -59.921    -61.280   -999.900   -999.900      1.359      0.000   -121.710   -121.710    -81.415    -71.645   -999.900   -999.900
   -121.710    -59.925    -61.308   -999.900   -999.900      1.384      0.000   -121.710   -121.710    -81.415    -71.645   -999.900   -999.900
   -126.710    -59.925    -61.309   -999.900   -999.900      1.385      0.000   -126.710   -126.710    -81.415    -71.645   -999.900   -999.900
   -131.710    -59.917    -61.313   -999.900   -999.900      1.396      0.000   -131.710   -131.710    -81.415    -71.645   -999.900   -999.900
   -136.710    -59.901    -61.350   -999.900   -999.900      1.449      0.000   -136.710   -136.710    -81.415    -71.645   -999.900   -999.900
