    -36.150    -59.541      5.877   -999.900   -999.900    -65.418      0.000    -36.150    -36.150    -68.251      5.877   -999.900   -999.900
    -41.150    -59.630      1.388   -999.900   -999.900    -61.018      0.000    -41.150    -41.150    -68.954      1.388   -999.900   -999.900
    -46.150    -59.613     -3.589   -999.900   -999.900    -56.024      0.000    -46.150    -46.150    -68.817     -3.589   -999.900   -999.900
    -51.150    -59.561     -8.594   -999.900   -999.900    -50.967      0.000    -51.150    -51.150    -68.398     -8.594   -999.900   -999.900
    -56.150    -59.416    -13.586   -999.900   -999.900    -45.829      0.000    -56.150    -56.150    -67.393    -13.586   -999.900   -999.900
    -61.150    -59.851    -18.510   -999.900   -999.900    -41.341      0.000    -61.150    -61.150    -71.357    -18.510   -999.900   -999.900
    -66.150    -59.913    -23.505   -999.900   -999.900    -36.409      0.000    -66.150    -66.150    -72.341    -23.505   -999.900   -999.900
    -71.150    -60.006    -28.588   -999.900   -999.900    -31.418      0.000    -71.150    -71.150    -74.346    -28.591   -999.900   -999.900
    -76.150    -60.008    -33.735   -999.900   -999.900    -26.272      0.000    -76.150    -76.150    -74.387    -33.744   -999.900   -999.900
    -81.930    -59.623    -40.120   -999.900   -999.900    -19.502      0.000    -81.930    -81.930    -68.895    -40.157   -999.900   -999.900
    -86.930    -59.752    -45.040   -999.900   -999.900    -14.712      0.000    -86.930    -86.930    -70.130    -45.156   -999.900   -999.900
    -91.930    -59.821    -49.599   -999.900   -999.900    -10.223      0.000    -91.930    -91.930    -70.958    -49.937   -999.900   -999.900
    -96.930    -59.825    -53.818   -999.900   -999.900     -6.006      0.000    -96.930    -96.930    -71.003    -54.778   -999.900   -999.900
   -101.930    -59.922    -57.284   -999.900   -999.900     -2.638      0.000   -101.930   -101.930    -72.488    -59.804   -999.900   -999.900
   -106.930    -59.976    -59.512   -999.900   -999.900     -0.464      0.000   -106.930   -106.930    -73.598    -65.286   -999.900   -999.900
   -111.930    -60.041    -60.541   -999.900   -999.900      0.500      0.000   -111.930   -111.930    -75.400    -72.206   -999.900   -999.900
   -116.930    -60.091    -60.781   -999.900   -999.900      0.691      0.000   -116.930   -116.930    -77.555    -78.998   -999.900   -999.900
   -116.930    -60.097    -60.755   -999.900   -999.900      0.658      0.000   -116.930   -116.930    -77.903    -77.501   -999.900   -999.900
   -121.930    -60.183    -60.872   -999.900   -999.900      0.689      0.000   -121.930   -121.930    -77.903    -77.501   -999.900   -999.900
   -126.930    -60.236    -60.930   -999.900   -999.900      0.693      0.000   -126.930   -126.930    -77.903    -77.501   -999.900   -999.900
   -131.930    -60.241    -60.902   -999.900   -999.900      0.661      0.000   -131.930   -131.930    -77.903    -77.501   -999.900   -999.900
