    -56.520    -63.215    -22.795   -999.900   -999.900    -40.419      0.000    -56.520    -56.520    -68.460    -22.796   -999.900   -999.900
    -61.520    -63.687    -27.815   -999.900   -999.900    -35.873      0.000    -61.520    -61.520    -70.297    -27.815   -999.900   -999.900
    -66.520    -63.645    -32.883   -999.900   -999.900    -30.762      0.000    -66.520    -66.520    -70.106    -32.885   -999.900   -999.900
    -71.520    -63.560    -37.937   -999.900   -999.900    -25.623      0.000    -71.520    -71.520    -69.741    -37.944   -999.900   -999.900
    -76.520    -64.121    -43.124   -999.900   -999.900    -20.997      0.000    -76.520    -76.520    -72.781    -43.146   -999.900   -999.900
    -81.520    -63.709    -48.318   -999.900   -999.900    -15.392      0.000    -81.520    -81.520    -70.398    -48.389   -999.900   -999.900
    -86.520    -64.205    -53.593   -999.900   -999.900    -10.612      0.000    -86.520    -86.520    -73.435    -53.838   -999.900   -999.900
    -91.520    -63.998    -58.924   -999.900   -999.900     -5.074      0.000    -91.520    -91.520    -71.947    -59.825   -999.900   -999.900
    -96.520    -63.979    -63.206   -999.900   -999.900     -0.773      0.000    -96.520    -96.520    -71.832    -66.233   -999.900   -999.900
   -101.520    -63.955    -64.954   -999.900   -999.900      1.000      0.000   -101.520   -101.520    -71.685    -70.988   -999.900   -999.900
   -106.520    -63.862    -65.013   -999.900   -999.900      1.151      0.000   -106.520   -106.520    -71.162    -71.229   -999.900   -999.900
   -111.520    -63.793    -64.726   -999.900   -999.900      0.933      0.000   -111.520   -111.520    -70.803    -70.137   -999.900   -999.900
   -116.520    -63.402    -64.946   -999.900   -999.900      1.543      0.000   -116.520   -116.520    -69.121    -70.954   -999.900   -999.900
   -121.520    -65.087    -66.497   -999.900   -999.900      1.409      0.000   -121.520   -121.520    -69.121    -70.954   -999.900   -999.900
   -121.520    -65.090    -66.497   -999.900   -999.900      1.407      0.000   -121.520   -121.520    -69.121    -70.954   -999.900   -999.900
   -126.520    -65.086    -66.504   -999.900   -999.900      1.418      0.000   -126.520   -126.520    -69.121    -70.954   -999.900   -999.900
   -131.520    -65.084    -66.503   -999.900   -999.900      1.419      0.000   -131.520   -131.520    -69.121    -70.954   -999.900   -999.900
   -136.520    -65.088    -66.499   -999.900   -999.900      1.411      0.000   -136.520   -136.520    -69.121    -70.954   -999.900   -999.900
