    -56.680    -62.141    -22.713   -999.900   -999.900    -39.428      0.000    -56.680    -56.680    -64.539    -22.713   -999.900   -999.900
    -61.680    -61.660    -27.521   -999.900   -999.900    -34.138      0.000    -61.680    -61.680    -63.735    -27.522   -999.900   -999.900
    -66.680    -61.674    -32.371   -999.900   -999.900    -29.303      0.000    -66.680    -66.680    -63.759    -32.373   -999.900   -999.900
    -71.680    -61.879    -37.301   -999.900   -999.900    -24.578      0.000    -71.680    -71.680    -64.094    -37.306   -999.900   -999.900
    -76.680    -61.936    -42.080   -999.900   -999.900    -19.856      0.000    -76.680    -76.680    -64.189    -42.094   -999.900   -999.900
    -81.680    -62.104    -46.715   -999.900   -999.900    -15.390      0.000    -81.680    -81.680    -64.476    -46.758   -999.900   -999.900
    -86.680    -62.310    -51.085   -999.900   -999.900    -11.225      0.000    -86.680    -86.680    -64.838    -51.205   -999.900   -999.900
    -91.680    -62.123    -54.875   -999.900   -999.900     -7.248      0.000    -91.680    -91.680    -64.508    -55.166   -999.900   -999.900
    -96.680    -62.149    -56.930   -999.900   -999.900     -5.219      0.000    -96.680    -96.680    -64.553    -57.408   -999.900   -999.900
   -101.680    -62.127    -57.683   -999.900   -999.900     -4.444      0.000   -101.680   -101.680    -64.515    -58.257   -999.900   -999.900
   -106.680    -62.069    -58.422   -999.900   -999.900     -3.648      0.000   -106.680   -106.680    -64.416    -59.111   -999.900   -999.900
   -111.680    -62.221    -58.988   -999.900   -999.900     -3.233      0.000   -111.680   -111.680    -64.679    -59.783   -999.900   -999.900
   -116.680    -62.210    -58.991   -999.900   -999.900     -3.219      0.000   -116.680   -116.680    -64.661    -59.787   -999.900   -999.900
   -121.680    -65.864    -66.755   -999.900   -999.900      0.890      0.000   -121.680   -121.680    -64.661    -59.787   -999.900   -999.900
   -121.680    -65.865    -66.758   -999.900   -999.900      0.893      0.000   -121.680   -121.680    -64.661    -59.787   -999.900   -999.900
   -126.680    -65.865    -66.760   -999.900   -999.900      0.895      0.000   -126.680   -126.680    -64.661    -59.787   -999.900   -999.900
   -131.680    -65.866    -66.752   -999.900   -999.900      0.887      0.000   -131.680   -131.680    -64.661    -59.787   -999.900   -999.900
   -136.680    -65.858    -66.741   -999.900   -999.900      0.883      0.000   -136.680   -136.680    -64.661    -59.787   -999.900   -999.900
