    -56.710    -59.813    -16.519   -999.900   -999.900    -43.294      0.000    -56.710    -56.710    -73.458    -16.519   -999.900   -999.900
    -61.710    -59.787    -21.328   -999.900   -999.900    -38.459      0.000    -61.710    -61.710    -72.893    -21.328   -999.900   -999.900
    -66.710    -59.886    -26.138   -999.900   -999.900    -33.748      0.000    -66.710    -66.710    -75.563    -26.139   -999.900   -999.900
    -71.710    -59.860    -31.103   -999.900   -999.900    -28.757      0.000    -71.710    -71.710    -74.693    -31.107   -999.900   -999.900
    -76.710    -59.760    -36.255   -999.900   -999.900    -23.505      0.000    -76.710    -76.710    -72.374    -36.269   -999.900   -999.900
    -81.710    -59.684    -41.372   -999.900   -999.900    -18.312      0.000    -81.710    -81.710    -71.151    -41.417   -999.900   -999.900
    -86.710    -59.788    -46.215   -999.900   -999.900    -13.572      0.000    -86.710    -86.710    -72.906    -46.354   -999.900   -999.900
    -91.710    -59.889    -50.828   -999.900   -999.900     -9.061      0.000    -91.710    -91.710    -75.682    -51.241   -999.900   -999.900
    -96.710    -59.947    -54.902   -999.900   -999.900     -5.046      0.000    -96.710    -96.710    -78.755    -56.048   -999.900   -999.900
   -101.710    -60.004    -58.213   -999.900   -999.900     -1.791      0.000   -101.710   -101.710    -96.456    -61.198   -999.900   -999.900
   -106.710    -60.068    -60.198   -999.900   -999.900      0.130      0.000   -106.710   -106.710    -96.456    -66.876   -999.900   -999.900
   -111.710    -60.109    -60.994   -999.900   -999.900      0.884      0.000   -111.710   -111.710    -96.456    -73.431   -999.900   -999.900
   -116.710    -60.087    -61.257   -999.900   -999.900      1.170      0.000   -116.710   -116.710    -96.456    -73.431   -999.900   -999.900
   -121.710    -60.040    -61.284   -999.900   -999.900      1.244      0.000   -121.710   -121.710    -96.456    -73.431   -999.900   -999.900
   -121.710    -60.019    -61.260   -999.900   -999.900      1.241      0.000   -121.710   -121.710    -96.456    -73.431   -999.900   -999.900
   -126.710    -59.988    -61.236   -999.900   -999.900      1.248      0.000   -126.710   -126.710    -96.456    -73.431   -999.900   -999.900
   -131.710    -59.965    -61.228   -999.900   -999.900      1.264      0.000   -131.710   -131.710    -96.456    -73.431   -999.900   -999.900
   -136.710    -59.932    -61.227   -999.900   -999.900      1.294      0.000   -136.710   -136.710    -96.456    -73.431   -999.900   -999.900
