    -35.670    -58.185      5.150   -999.900   -999.900    -63.335      0.000    -35.670    -35.670    -62.475      5.150   -999.900   -999.900
    -40.670    -59.164      0.435   -999.900   -999.900    -59.598      0.000    -40.670    -40.670    -65.863      0.435   -999.900   -999.900
    -45.670    -59.586     -4.370   -999.900   -999.900    -55.217      0.000    -45.670    -45.670    -68.331     -4.370   -999.900   -999.900
    -50.670    -59.890     -9.021   -999.900   -999.900    -50.869      0.000    -50.670    -50.670    -71.398     -9.021   -999.900   -999.900
    -55.670    -60.130    -13.621   -999.900   -999.900    -46.509      0.000    -55.670    -55.670    -77.590    -13.621   -999.900   -999.900
    -60.670    -60.018    -18.083   -999.900   -999.900    -41.935      0.000    -60.670    -60.670    -73.695    -18.083   -999.900   -999.900
    -65.670    -59.832    -22.775   -999.900   -999.900    -37.056      0.000    -65.670    -65.670    -70.636    -22.776   -999.900   -999.900
    -70.670    -59.825    -27.513   -999.900   -999.900    -32.313      0.000    -70.670    -70.670    -70.557    -27.514   -999.900   -999.900
    -75.670    -59.859    -32.423   -999.900   -999.900    -27.436      0.000    -75.670    -75.670    -70.978    -32.429   -999.900   -999.900
    -82.520    -59.963    -38.847   -999.900   -999.900    -21.115      0.000    -82.520    -82.520    -72.559    -38.874   -999.900   -999.900
    -87.520    -60.106    -44.550   -999.900   -999.900    -15.556      0.000    -87.520    -87.520    -76.436    -44.648   -999.900   -999.900
    -92.520    -60.111    -49.437   -999.900   -999.900    -10.674      0.000    -92.520    -92.520    -76.630    -49.746   -999.900   -999.900
    -97.520    -60.057    -53.892   -999.900   -999.900     -6.165      0.000    -97.520    -97.520    -74.703    -54.816   -999.900   -999.900
   -102.520    -60.054    -57.416   -999.900   -999.900     -2.638      0.000   -102.520   -102.520    -74.623    -59.868   -999.900   -999.900
   -107.520    -60.084    -59.697   -999.900   -999.900     -0.387      0.000   -107.520   -107.520    -75.570    -65.373   -999.900   -999.900
   -112.520    -60.122    -60.737   -999.900   -999.900      0.616      0.000   -112.520   -112.520    -77.152    -72.098   -999.900   -999.900
   -117.520    -60.171    -61.088   -999.900   -999.900      0.916      0.000   -117.520   -117.520    -80.862    -72.098   -999.900   -999.900
   -122.520    -60.196    -61.123   -999.900   -999.900      0.927      0.000   -122.520   -122.520    -85.600    -72.098   -999.900   -999.900
   -122.520    -60.220    -61.091   -999.900   -999.900      0.871      0.000   -122.520   -122.520    -85.600    -72.098   -999.900   -999.900
   -127.520    -60.226    -61.081   -999.900   -999.900      0.855      0.000   -127.520   -127.520    -85.600    -72.098   -999.900   -999.900
   -132.520    -60.221    -61.036   -999.900   -999.900      0.816      0.000   -132.520   -132.520    -85.600    -72.098   -999.900   -999.900
   -137.520    -60.218    -60.985   -999.900   -999.900      0.767      0.000   -137.520   -137.520    -85.600    -72.098   -999.900   -999.900
