    -56.680    -59.552    -15.924   -999.900   -999.900    -43.627      0.000    -56.680    -56.680    -70.348    -15.925   -999.900   -999.900
    -61.680    -59.464    -20.821   -999.900   -999.900    -38.643      0.000    -61.680    -61.680    -69.402    -20.822   -999.900   -999.900
    -66.680    -59.497    -25.603   -999.900   -999.900    -33.894      0.000    -66.680    -66.680    -69.736    -25.604   -999.900   -999.900
    -71.680    -59.488    -30.536   -999.900   -999.900    -28.953      0.000    -71.680    -71.680    -69.645    -30.540   -999.900   -999.900
    -76.680    -59.476    -35.670   -999.900   -999.900    -23.805      0.000    -76.680    -76.680    -69.516    -35.682   -999.900   -999.900
    -81.680    -59.584    -40.873   -999.900   -999.900    -18.711      0.000    -81.680    -81.680    -70.754    -40.912   -999.900   -999.900
    -86.680    -59.770    -45.759   -999.900   -999.900    -14.011      0.000    -86.680    -86.680    -74.209    -45.882   -999.900   -999.900
    -91.680    -59.885    -50.226   -999.900   -999.900     -9.659      0.000    -91.680    -91.680    -79.815    -50.577   -999.900   -999.900
    -96.680    -59.867    -54.360   -999.900   -999.900     -5.507      0.000    -96.680    -96.680    -78.351    -55.337   -999.900   -999.900
   -101.680    -59.822    -57.688   -999.900   -999.900     -2.133      0.000   -101.680   -101.680    -75.945    -60.156   -999.900   -999.900
   -106.680    -59.831    -59.763   -999.900   -999.900     -0.068      0.000   -106.680   -106.680    -76.335    -64.976   -999.900   -999.900
   -111.680    -59.862    -60.672   -999.900   -999.900      0.810      0.000   -111.680   -111.680    -78.012    -69.261   -999.900   -999.900
   -116.680    -59.893    -61.098   -999.900   -999.900      1.205      0.000   -116.680   -116.680    -80.762    -74.151   -999.900   -999.900
   -121.680    -59.965    -61.331   -999.900   -999.900      1.366      0.000   -121.680   -121.680    -80.762    -74.151   -999.900   -999.900
   -121.680    -59.953    -61.350   -999.900   -999.900      1.397      0.000   -121.680   -121.680    -80.762    -74.151   -999.900   -999.900
   -126.680    -59.945    -61.362   -999.900   -999.900      1.417      0.000   -126.680   -126.680    -80.762    -74.151   -999.900   -999.900
   -131.680    -59.919    -61.399   -999.900   -999.900      1.480      0.000   -131.680   -131.680    -80.762    -74.151   -999.900   -999.900
   -136.680    -59.899    -61.379   -999.900   -999.900      1.480      0.000   -136.680   -136.680    -80.762    -74.151   -999.900   -999.900
