    -81.680    -78.304    -48.198   -999.900   -999.900    -30.105      0.000    -81.680    -81.680      0.000    -48.288   -999.900   -999.900
    -86.680    -78.335    -54.208   -999.900   -999.900    -24.127      0.000    -86.680    -86.680      0.000    -54.577   -999.900   -999.900
    -91.680    -78.243    -59.556   -999.900   -999.900    -18.687      0.000    -91.680    -91.680      0.000    -60.977   -999.900   -999.900
    -96.680    -78.264    -62.988   -999.900   -999.900    -15.276      0.000    -96.680    -96.680      0.000    -67.132   -999.900   -999.900
   -101.680    -78.285    -62.014   -999.900   -999.900    -16.271      0.000   -101.680   -101.680      0.000    -64.951   -999.900   -999.900
   -106.680    -78.247    -61.762   -999.900   -999.900    -16.485      0.000   -106.680   -106.680      0.000    -64.467   -999.900   -999.900
   -111.680    -78.228    -60.708   -999.900   -999.900    -17.519      0.000   -111.680   -111.680      0.000    -62.672   -999.900   -999.900
   -116.680    -77.209    -61.324   -999.900   -999.900    -15.885      0.000   -116.680   -116.680      0.000    -63.684   -999.900   -999.900
   -121.680    -77.150    -66.507   -999.900   -999.900    -10.643      0.000   -121.680   -121.680      0.000    -63.684   -999.900   -999.900
   -121.680    -77.149    -66.505   -999.900   -999.900    -10.644      0.000   -121.680   -121.680      0.000    -63.684   -999.900   -999.900
   -126.680    -77.161    -66.513   -999.900   -999.900    -10.648      0.000   -126.680   -126.680      0.000    -63.684   -999.900   -999.900
   -131.680    -77.157    -66.508   -999.900   -999.900    -10.649      0.000   -131.680   -131.680      0.000    -63.684   -999.900   -999.900
   -136.680    -77.148    -66.509   -999.900   -999.900    -10.639      0.000   -136.680   -136.680      0.000    -63.684   -999.900   -999.900
