    -56.710    -59.545    -15.794   -999.900   -999.900    -43.751      0.000    -56.710    -56.710    -70.440    -15.794   -999.900   -999.900
    -61.710    -59.419    -20.814   -999.900   -999.900    -38.605      0.000    -61.710    -61.710    -69.099    -20.815   -999.900   -999.900
    -66.710    -59.403    -25.697   -999.900   -999.900    -33.706      0.000    -66.710    -66.710    -68.953    -25.698   -999.900   -999.900
    -71.710    -59.409    -30.631   -999.900   -999.900    -28.778      0.000    -71.710    -71.710    -69.008    -30.635   -999.900   -999.900
    -76.710    -59.475    -35.694   -999.900   -999.900    -23.781      0.000    -76.710    -76.710    -69.649    -35.706   -999.900   -999.900
    -81.710    -59.594    -40.855   -999.900   -999.900    -18.739      0.000    -81.710    -81.710    -71.088    -40.894   -999.900   -999.900
    -86.710    -59.739    -45.728   -999.900   -999.900    -14.011      0.000    -86.710    -86.710    -73.777    -45.850   -999.900   -999.900
    -91.710    -59.782    -50.259   -999.900   -999.900     -9.523      0.000    -91.710    -91.710    -75.041    -50.616   -999.900   -999.900
    -96.710    -59.827    -54.332   -999.900   -999.900     -5.495      0.000    -96.710    -96.710    -76.884    -55.308   -999.900   -999.900
   -101.710    -59.866    -57.776   -999.900   -999.900     -2.089      0.000   -101.710   -101.710    -79.452    -60.333   -999.900   -999.900
   -106.710    -59.912    -59.858   -999.900   -999.900     -0.053      0.000   -106.710   -106.710    -92.863    -65.365   -999.900   -999.900
   -111.710    -59.946    -60.825   -999.900   -999.900      0.880      0.000   -111.710   -111.710    -92.863    -70.732   -999.900   -999.900
   -116.710    -59.897    -61.091   -999.900   -999.900      1.194      0.000   -116.710   -116.710    -92.863    -74.502   -999.900   -999.900
   -121.710    -59.900    -61.319   -999.900   -999.900      1.419      0.000   -121.710   -121.710    -92.863    -74.502   -999.900   -999.900
   -121.710    -59.907    -61.321   -999.900   -999.900      1.414      0.000   -121.710   -121.710    -92.863    -74.502   -999.900   -999.900
   -126.710    -59.921    -61.331   -999.900   -999.900      1.410      0.000   -126.710   -126.710    -92.863    -74.502   -999.900   -999.900
   -131.710    -59.929    -61.344   -999.900   -999.900      1.415      0.000   -131.710   -131.710    -92.863    -74.502   -999.900   -999.900
   -136.710    -59.928    -61.361   -999.900   -999.900      1.434      0.000   -136.710   -136.710    -92.863    -74.502   -999.900   -999.900
