    -34.300    -44.558      4.535   -999.900   -999.900    -49.093      0.000    -34.300    -34.300    -45.558      4.535   -999.900   -999.900
    -39.300    -44.952     -0.250   -999.900   -999.900    -44.702      0.000    -39.300    -39.300    -46.061     -0.250   -999.900   -999.900
    -44.300    -44.724     -5.074   -999.900   -999.900    -39.650      0.000    -44.300    -44.300    -45.769     -5.074   -999.900   -999.900
    -49.300    -44.813     -9.740   -999.900   -999.900    -35.073      0.000    -49.300    -49.300    -45.882     -9.740   -999.900   -999.900
    -54.300    -44.670    -14.571   -999.900   -999.900    -30.099      0.000    -54.300    -54.300    -45.700    -14.571   -999.900   -999.900
    -59.300    -44.579    -19.530   -999.900   -999.900    -25.049      0.000    -59.300    -59.300    -45.586    -19.530   -999.900   -999.900
    -64.300    -44.259    -24.621   -999.900   -999.900    -19.638      0.000    -64.300    -64.300    -45.186    -24.622   -999.900   -999.900
    -69.300    -44.906    -29.781   -999.900   -999.900    -15.125      0.000    -69.300    -69.300    -46.002    -29.785   -999.900   -999.900
    -74.300    -44.341    -34.885   -999.900   -999.900     -9.456      0.000    -74.300    -74.300    -45.287    -34.896   -999.900   -999.900
    -80.080    -48.814    -41.326   -999.900   -999.900     -7.488      0.000    -80.080    -80.080    -52.266    -41.375   -999.900   -999.900
    -85.080    -48.639    -45.765   -999.900   -999.900     -2.874      0.000    -85.080    -85.080    -51.888    -45.901   -999.900   -999.900
    -90.080    -47.064    -50.056   -999.900   -999.900      2.992      0.000    -90.080    -90.080    -49.046    -50.430   -999.900   -999.900
    -95.080    -47.549    -53.960   -999.900   -999.900      6.411      0.000    -95.080    -95.080    -49.839    -54.945   -999.900   -999.900
   -100.080    -47.239    -57.304   -999.900   -999.900     10.064      0.000   -100.080   -100.080    -49.327    -59.808   -999.900   -999.900
   -105.080    -47.873    -59.336   -999.900   -999.900     11.462      0.000   -105.080   -105.080    -50.404    -64.560   -999.900   -999.900
   -110.080    -47.439    -60.496   -999.900   -999.900     13.056      0.000   -110.080   -110.080    -49.655    -71.149   -999.900   -999.900
   -115.080    -48.328    -60.808   -999.900   -999.900     12.480      0.000   -115.080   -115.080    -51.255    -78.282   -999.900   -999.900
   -115.080    -51.232    -60.949   -999.900   -999.900      9.718      0.000   -115.080   -115.080    -64.879    -78.282   -999.900   -999.900
   -120.080    -60.031    -61.054   -999.900   -999.900      1.023      0.000   -120.080   -120.080    -64.879    -78.282   -999.900   -999.900
   -125.080    -60.042    -61.035   -999.900   -999.900      0.993      0.000   -125.080   -125.080    -64.879    -78.282   -999.900   -999.900
   -130.080    -60.045    -61.003   -999.900   -999.900      0.958      0.000   -130.080   -130.080    -64.879    -78.282   -999.900   -999.900
