    -35.670      4.889    -58.815   -999.900   -999.900     63.704      0.000    -35.670    -35.670      4.889    -63.454   -999.900   -999.900
    -40.670      0.155    -60.090   -999.900   -999.900     60.245      0.000    -40.670    -40.670      0.155    -69.316   -999.900   -999.900
    -45.670     -4.730    -60.585   -999.900   -999.900     55.855      0.000    -45.670    -45.670     -4.730    -79.372   -999.900   -999.900
    -50.670     -9.511    -60.719   -999.900   -999.900     51.208      0.000    -50.670    -50.670     -9.511    -79.372   -999.900   -999.900
    -55.670    -14.136    -60.731   -999.900   -999.900     46.595      0.000    -55.670    -55.670    -14.136    -79.372   -999.900   -999.900
    -60.670    -18.693    -60.669   -999.900   -999.900     41.976      0.000    -60.670    -60.670    -18.695    -79.372   -999.900   -999.900
    -65.670    -23.357    -60.623   -999.900   -999.900     37.266      0.000    -65.670    -65.670    -23.363    -79.372   -999.900   -999.900
    -70.670    -27.984    -60.627   -999.900   -999.900     32.643      0.000    -70.670    -70.670    -28.000    -79.372   -999.900   -999.900
    -75.670    -32.697    -60.664   -999.900   -999.900     27.967      0.000    -75.670    -75.670    -32.745    -79.372   -999.900   -999.900
    -82.520    -37.437    -60.701   -999.900   -999.900     23.264      0.000    -82.520    -82.520    -37.580    -79.372   -999.900   -999.900
    -87.520    -42.189    -60.746   -999.900   -999.900     18.557      0.000    -87.520    -87.520    -42.632    -79.372   -999.900   -999.900
    -92.520    -47.444    -60.764   -999.900   -999.900     13.320      0.000    -92.520    -92.520    -49.156    -79.372   -999.900   -999.900
    -97.520    -52.564    -60.706   -999.900   -999.900      8.142      0.000    -97.520    -97.520    -49.156    -79.372   -999.900   -999.900
   -102.520    -52.506    -60.674   -999.900   -999.900      8.168      0.000   -102.520   -102.520    -49.156    -79.372   -999.900   -999.900
   -107.520    -52.468    -60.646   -999.900   -999.900      8.178      0.000   -107.520   -107.520    -49.156    -79.372   -999.900   -999.900
   -112.520    -52.426    -60.631   -999.900   -999.900      8.204      0.000   -112.520   -112.520    -49.156    -79.372   -999.900   -999.900
   -117.520    -52.392    -60.621   -999.900   -999.900      8.228      0.000   -117.520   -117.520    -49.156    -79.372   -999.900   -999.900
   -122.520    -52.359    -60.630   -999.900   -999.900      8.271      0.000   -122.520   -122.520    -49.156    -79.372   -999.900   -999.900
   -122.520    -52.325    -60.643   -999.900   -999.900      8.318      0.000   -122.520   -122.520    -49.156    -79.372   -999.900   -999.900
   -127.520    -52.296    -60.649   -999.900   -999.900      8.353      0.000   -127.520   -127.520    -49.156    -79.372   -999.900   -999.900
   -132.520    -52.273    -60.653   -999.900   -999.900      8.381      0.000   -132.520   -132.520    -49.156    -79.372   -999.900   -999.900
   -137.520    -52.242    -60.664   -999.900   -999.900      8.422      0.000   -137.520   -137.520    -49.156    -79.372   -999.900   -999.900
