    -56.710    -57.803      5.009   -999.900   -999.900    -62.812      0.000    -56.710    -56.710    -62.002      5.009   -999.900   -999.900
    -61.710    -58.708      0.384   -999.900   -999.900    -59.093      0.000    -61.710    -61.710    -64.966      0.384   -999.900   -999.900
    -66.710    -59.104     -4.503   -999.900   -999.900    -54.601      0.000    -66.710    -66.710    -66.957     -4.503   -999.900   -999.900
    -71.710    -59.456     -9.484   -999.900   -999.900    -49.972      0.000    -71.710    -71.710    -69.759     -9.484   -999.900   -999.900
    -76.710    -59.625    -14.371   -999.900   -999.900    -45.255      0.000    -76.710    -76.710    -72.047    -14.371   -999.900   -999.900
    -81.710    -59.458    -19.125   -999.900   -999.900    -40.333      0.000    -81.710    -81.710    -69.782    -19.126   -999.900   -999.900
    -86.710    -59.497    -23.973   -999.900   -999.900    -35.524      0.000    -86.710    -86.710    -70.218    -23.974   -999.900   -999.900
    -91.710    -59.522    -28.817   -999.900   -999.900    -30.705      0.000    -91.710    -91.710    -70.526    -28.821   -999.900   -999.900
    -96.710    -59.591    -33.933   -999.900   -999.900    -25.658      0.000    -96.710    -96.710    -71.482    -33.945   -999.900   -999.900
   -103.560    -59.588    -41.080   -999.900   -999.900    -18.508      0.000   -103.560   -103.560    -71.443    -41.145   -999.900   -999.900
   -108.560    -59.721    -45.697   -999.900   -999.900    -14.025      0.000   -108.560   -108.560    -74.140    -45.887   -999.900   -999.900
   -113.560    -59.825    -50.126   -999.900   -999.900     -9.699      0.000   -113.560   -113.560    -78.681    -50.675   -999.900   -999.900
   -118.560    -59.890    -54.242   -999.900   -999.900     -5.649      0.000   -118.560   -118.560    -78.681    -55.831   -999.900   -999.900
   -123.560    -59.890    -57.763   -999.900   -999.900     -2.127      0.000   -123.560   -123.560    -78.681    -62.841   -999.900   -999.900
   -128.560    -59.843    -59.867   -999.900   -999.900      0.025      0.000   -128.560   -128.560    -78.681    -62.841   -999.900   -999.900
   -133.560    -59.800    -60.960   -999.900   -999.900      1.159      0.000   -133.560   -133.560    -78.681    -62.841   -999.900   -999.900
   -138.560    -59.817    -61.345   -999.900   -999.900      1.528      0.000   -138.560   -138.560    -78.681    -62.841   -999.900   -999.900
   -143.560    -59.898    -61.480   -999.900   -999.900      1.582      0.000   -143.560   -143.560    -78.681    -62.841   -999.900   -999.900
   -143.560    -59.904    -61.502   -999.900   -999.900      1.598      0.000   -143.560   -143.560    -78.681    -62.841   -999.900   -999.900
   -148.560    -59.912    -61.508   -999.900   -999.900      1.596      0.000   -148.560   -148.560    -78.681    -62.841   -999.900   -999.900
   -153.560    -59.921    -61.517   -999.900   -999.900      1.596      0.000   -153.560   -153.560    -78.681    -62.841   -999.900   -999.900
   -158.560    -59.941    -61.527   -999.900   -999.900      1.585      0.000   -158.560   -158.560    -78.681    -62.841   -999.900   -999.900
