    -27.060    -59.200      6.415   -999.900   -999.900    -65.615      0.000    -27.060    -27.060    -60.580      6.415   -999.900   -999.900
    -29.060    -60.496      5.072   -999.900   -999.900    -65.567      0.000    -29.060    -29.060    -62.482      5.072   -999.900   -999.900
    -31.060    -61.557      3.280   -999.900   -999.900    -64.837      0.000    -31.060    -31.060    -64.304      3.280   -999.900   -999.900
    -33.060    -62.306      1.395   -999.900   -999.900    -63.701      0.000    -33.060    -33.060    -65.841      1.395   -999.900   -999.900
    -35.060    -62.890     -0.527   -999.900   -999.900    -62.363      0.000    -35.060    -35.060    -67.291     -0.527   -999.900   -999.900
    -38.060    -63.623     -3.456   -999.900   -999.900    -60.167      0.000    -38.060    -38.060    -69.715     -3.456   -999.900   -999.900
    -43.060    -64.260     -8.408   -999.900   -999.900    -55.851      0.000    -43.060    -43.060    -73.224     -8.408   -999.900   -999.900
    -48.060    -64.546    -13.375   -999.900   -999.900    -51.171      0.000    -48.060    -48.060    -76.253    -13.375   -999.900   -999.900
    -53.060    -64.663    -18.355   -999.900   -999.900    -46.308      0.000    -53.060    -53.060    -78.442    -18.355   -999.900   -999.900
    -58.060    -64.727    -23.400   -999.900   -999.900    -41.326      0.000    -58.060    -58.060    -80.287    -23.401   -999.900   -999.900
    -63.060    -64.761    -28.393   -999.900   -999.900    -36.367      0.000    -63.060    -63.060    -81.707    -28.394   -999.900   -999.900
    -68.060    -64.778    -33.417   -999.900   -999.900    -31.361      0.000    -68.060    -68.060    -82.686    -33.419   -999.900   -999.900
    -73.060    -64.748    -38.437   -999.900   -999.900    -26.311      0.000    -73.060    -73.060    -81.135    -38.444   -999.900   -999.900
    -78.060    -64.792    -43.355   -999.900   -999.900    -21.437      0.000    -78.060    -78.060    -83.616    -43.376   -999.900   -999.900
    -83.060    -64.799    -48.281   -999.900   -999.900    -16.518      0.000    -83.060    -83.060    -84.237    -48.347   -999.900   -999.900
    -88.060    -64.802    -53.111   -999.900   -999.900    -11.692      0.000    -88.060    -88.060    -84.506    -53.314   -999.900   -999.900
    -93.060    -64.791    -57.669   -999.900   -999.900     -7.122      0.000    -93.060    -93.060    -83.518    -58.278   -999.900   -999.900
    -97.060    -64.794    -60.922   -999.900   -999.900     -3.873      0.000    -97.060    -97.060    -83.817    -62.328   -999.900   -999.900
   -101.060    -64.762    -63.394   -999.900   -999.900     -1.368      0.000   -101.060   -101.060    -81.795    -66.308   -999.900   -999.900
   -103.060    -64.733    -64.268   -999.900   -999.900     -0.465      0.000   -103.060   -103.060    -80.521    -68.223   -999.900   -999.900
   -105.060    -64.751    -65.075   -999.900   -999.900      0.324      0.000   -105.060   -105.060    -81.271    -70.600   -999.900   -999.900
   -107.060    -64.797    -65.513   -999.900   -999.900      0.717      0.000   -107.060   -107.060    -84.017    -72.423   -999.900   -999.900
   -110.060    -64.789    -65.967   -999.900   -999.900      1.178      0.000   -110.060   -110.060    -83.375    -75.318   -999.900   -999.900
   -113.060    -64.788    -66.217   -999.900   -999.900      1.429      0.000   -113.060   -113.060    -83.339    -78.173   -999.900   -999.900
   -118.060    -64.751    -66.420   -999.900   -999.900      1.670      0.000   -118.060   -118.060    -81.251    -83.684   -999.900   -999.900
   -123.060    -64.773    -66.468   -999.900   -999.900      1.695      0.000   -123.060   -123.060    -82.345    -87.424   -999.900   -999.900
   -128.060    -64.783    -66.498   -999.900   -999.900      1.715      0.000   -128.060   -128.060    -82.985    -95.804   -999.900   -999.900
   -133.060    -64.846    -66.476   -999.900   -999.900      1.630      0.000   -133.060   -133.060    -96.040    -88.600   -999.900   -999.900
   -138.060    -64.828    -66.467   -999.900   -999.900      1.640      0.000   -138.060   -138.060    -87.895    -87.377   -999.900   -999.900
   -143.060    -64.818    -66.491   -999.900   -999.900      1.674      0.000   -143.060   -143.060    -86.254    -92.320   -999.900   -999.900
   -148.060    -64.908    -66.543   -999.900   -999.900      1.634      0.000   -148.060   -148.060    -86.254    -92.320   -999.900   -999.900
   -148.060    -64.907    -66.544   -999.900   -999.900      1.637      0.000   -148.060   -148.060    -86.254    -92.320   -999.900   -999.900
   -153.060    -64.912    -66.543   -999.900   -999.900      1.631      0.000   -153.060   -153.060    -86.254    -92.320   -999.900   -999.900
   -158.060    -64.909    -66.542   -999.900   -999.900      1.634      0.000   -158.060   -158.060    -86.254    -92.320   -999.900   -999.900
   -163.060    -64.912    -66.540   -999.900   -999.900      1.628      0.000   -163.060   -163.060    -86.254    -92.320   -999.900   -999.900
