    -30.780    -59.878      8.390   -999.900   -999.900    -68.268      0.000    -30.780    -30.780    -61.448      8.390   -999.900   -999.900
    -35.780    -62.677      5.281   -999.900   -999.900    -67.959      0.000    -35.780    -35.780    -66.424      5.281   -999.900   -999.900
    -40.780    -64.086      0.745   -999.900   -999.900    -64.831      0.000    -40.780    -40.780    -71.061      0.745   -999.900   -999.900
    -45.780    -64.538     -4.105   -999.900   -999.900    -60.433      0.000    -45.780    -45.780    -74.013     -4.105   -999.900   -999.900
    -50.780    -64.927     -9.025   -999.900   -999.900    -55.903      0.000    -50.780    -50.780    -80.207     -9.025   -999.900   -999.900
    -55.780    -65.001    -13.906   -999.900   -999.900    -51.095      0.000    -55.780    -55.780    -83.813    -13.906   -999.900   -999.900
    -60.780    -65.038    -18.845   -999.900   -999.900    -46.193      0.000    -60.780    -60.780    -88.323    -18.845   -999.900   -999.900
    -65.780    -65.047    -23.743   -999.900   -999.900    -41.304      0.000    -65.780    -65.780    -91.046    -23.743   -999.900   -999.900
    -70.780    -65.051    -28.676   -999.900   -999.900    -36.375      0.000    -70.780    -70.780    -92.948    -28.677   -999.900   -999.900
    -75.780    -65.048    -33.588   -999.900   -999.900    -31.460      0.000    -75.780    -75.780    -91.539    -33.590   -999.900   -999.900
    -80.780    -65.052    -38.399   -999.900   -999.900    -26.652      0.000    -80.780    -80.780    -93.274    -38.406   -999.900   -999.900
    -85.780    -65.054    -43.222   -999.900   -999.900    -21.833      0.000    -85.780    -85.780    -95.330    -43.243   -999.900   -999.900
    -90.780    -65.054    -48.009   -999.900   -999.900    -17.045      0.000    -90.780    -90.780    -95.316    -48.074   -999.900   -999.900
    -95.780    -65.049    -52.740   -999.900   -999.900    -12.310      0.000    -95.780    -95.780    -92.044    -52.938   -999.900   -999.900
   -100.780    -65.052    -57.104   -999.900   -999.900     -7.948      0.000   -100.780   -100.780    -93.233    -57.668   -999.900   -999.900
   -105.780    -65.053    -61.080   -999.900   -999.900     -3.974      0.000   -105.780   -105.780    -94.709    -62.658   -999.900   -999.900
   -110.780    -65.052    -63.843   -999.900   -999.900     -1.210      0.000   -110.780   -110.780    -93.863    -67.565   -999.900   -999.900
   -115.780    -65.058    -65.358   -999.900   -999.900      0.299      0.000   -115.780   -115.780    -93.863    -72.706   -999.900   -999.900
   -120.780    -65.055    -66.070   -999.900   -999.900      1.015      0.000   -120.780   -120.780    -93.863    -80.206   -999.900   -999.900
   -125.780    -65.057    -66.343   -999.900   -999.900      1.286      0.000   -125.780   -125.780    -93.863    -80.206   -999.900   -999.900
   -130.780    -65.060    -66.444   -999.900   -999.900      1.385      0.000   -130.780   -130.780    -93.863    -80.206   -999.900   -999.900
   -130.780    -65.058    -66.448   -999.900   -999.900      1.389      0.000   -130.780   -130.780    -93.863    -80.206   -999.900   -999.900
   -135.780    -65.058    -66.448   -999.900   -999.900      1.390      0.000   -135.780   -135.780    -93.863    -80.206   -999.900   -999.900
   -140.780    -65.058    -66.448   -999.900   -999.900      1.390      0.000   -140.780   -140.780    -93.863    -80.206   -999.900   -999.900
   -145.780    -65.061    -66.499   -999.900   -999.900      1.438      0.000   -145.780   -145.780    -93.863    -80.206   -999.900   -999.900
