    -27.120    -55.449      6.768   -999.900   -999.900    -62.217      0.000    -27.120    -27.120    -55.937      6.768   -999.900   -999.900
    -32.120    -59.324      2.592   -999.900   -999.900    -61.916      0.000    -32.120    -32.120    -60.630      2.592   -999.900   -999.900
    -37.120    -62.093     -2.215   -999.900   -999.900    -59.878      0.000    -37.120    -37.120    -65.030     -2.215   -999.900   -999.900
    -42.120    -63.621     -7.167   -999.900   -999.900    -56.454      0.000    -42.120    -42.120    -68.831     -7.167   -999.900   -999.900
    -47.120    -64.647    -12.141   -999.900   -999.900    -52.507      0.000    -47.120    -47.120    -74.037    -12.141   -999.900   -999.900
    -52.120    -64.993    -17.137   -999.900   -999.900    -47.856      0.000    -52.120    -52.120    -78.778    -17.137   -999.900   -999.900
    -57.120    -65.122    -22.128   -999.900   -999.900    -42.995      0.000    -57.120    -57.120    -84.040    -22.128   -999.900   -999.900
    -62.120    -65.163    -27.109   -999.900   -999.900    -38.055      0.000    -62.120    -62.120    -89.783    -27.109   -999.900   -999.900
    -67.120    -65.164    -32.113   -999.900   -999.900    -33.051      0.000    -67.120    -67.120    -89.956    -32.115   -999.900   -999.900
    -72.120    -65.160    -37.108   -999.900   -999.900    -28.052      0.000    -72.120    -72.120    -88.991    -37.113   -999.900   -999.900
    -77.120    -65.166    -42.094   -999.900   -999.900    -23.072      0.000    -77.120    -77.120    -90.588    -42.110   -999.900   -999.900
    -82.120    -65.177    -47.135   -999.900   -999.900    -18.042      0.000    -82.120    -82.120   -101.740    -47.186   -999.900   -999.900
    -87.120    -65.173    -52.081   -999.900   -999.900    -13.092      0.000    -87.120    -87.120    -94.602    -52.241   -999.900   -999.900
    -92.120    -65.154    -56.762   -999.900   -999.900     -8.392      0.000    -92.120    -92.120    -87.666    -57.249   -999.900   -999.900
    -97.120    -65.171    -61.061   -999.900   -999.900     -4.110      0.000    -97.120    -97.120    -92.885    -62.518   -999.900   -999.900
   -102.120    -65.184    -64.038   -999.900   -999.900     -1.146      0.000   -102.120   -102.120    -92.885    -67.660   -999.900   -999.900
   -107.120    -65.172    -65.605   -999.900   -999.900      0.432      0.000   -107.120   -107.120    -92.885    -72.849   -999.900   -999.900
   -112.120    -65.166    -66.240   -999.900   -999.900      1.074      0.000   -112.120   -112.120    -92.885    -78.395   -999.900   -999.900
   -117.120    -65.171    -66.454   -999.900   -999.900      1.283      0.000   -117.120   -117.120    -92.885    -85.178   -999.900   -999.900
   -122.120    -65.179    -66.523   -999.900   -999.900      1.344      0.000   -122.120   -122.120    -92.885    -85.178   -999.900   -999.900
   -127.120    -65.184    -66.522   -999.900   -999.900      1.339      0.000   -127.120   -127.120    -92.885    -85.178   -999.900   -999.900
   -132.120    -65.181    -66.526   -999.900   -999.900      1.345      0.000   -132.120   -132.120    -92.885    -85.178   -999.900   -999.900
   -132.120    -65.177    -66.522   -999.900   -999.900      1.345      0.000   -132.120   -132.120    -92.885    -85.178   -999.900   -999.900
   -137.120    -65.183    -66.519   -999.900   -999.900      1.335      0.000   -137.120   -137.120    -92.885    -85.178   -999.900   -999.900
   -142.120    -65.175    -66.517   -999.900   -999.900      1.342      0.000   -142.120   -142.120    -92.885    -85.178   -999.900   -999.900
   -147.120    -65.178    -66.518   -999.900   -999.900      1.340      0.000   -147.120   -147.120    -92.885    -85.178   -999.900   -999.900
