    -36.030    -53.551      6.618   -999.900   -999.900    -60.169      0.000    -36.030    -36.030    -53.876      6.618   -999.900   -999.900
    -38.030    -55.329      5.136   -999.900   -999.900    -60.466      0.000    -38.030    -38.030    -55.828      5.136   -999.900   -999.900
    -40.030    -57.045      3.399   -999.900   -999.900    -60.444      0.000    -40.030    -40.030    -57.807      3.399   -999.900   -999.900
    -42.030    -58.690      1.505   -999.900   -999.900    -60.195      0.000    -42.030    -42.030    -59.854      1.505   -999.900   -999.900
    -44.030    -60.145     -0.415   -999.900   -999.900    -59.730      0.000    -44.030    -44.030    -61.875     -0.415   -999.900   -999.900
    -47.030    -61.932     -3.342   -999.900   -999.900    -58.590      0.000    -47.030    -47.030    -64.907     -3.342   -999.900   -999.900
    -52.030    -63.753     -8.290   -999.900   -999.900    -55.463      0.000    -52.030    -52.030    -69.847     -8.290   -999.900   -999.900
    -57.030    -64.550    -13.266   -999.900   -999.900    -51.284      0.000    -57.030    -57.030    -74.824    -13.266   -999.900   -999.900
    -62.030    -64.679    -18.213   -999.900   -999.900    -46.466      0.000    -62.030    -62.030    -76.450    -18.213   -999.900   -999.900
    -67.030    -64.874    -23.196   -999.900   -999.900    -41.677      0.000    -67.030    -67.030    -81.104    -23.197   -999.900   -999.900
    -72.030    -64.936    -28.141   -999.900   -999.900    -36.795      0.000    -72.030    -72.030    -85.026    -28.141   -999.900   -999.900
    -77.030    -64.965    -33.157   -999.900   -999.900    -31.808      0.000    -77.030    -77.030    -90.103    -33.159   -999.900   -999.900
    -82.030    -64.978    -38.047   -999.900   -999.900    -26.931      0.000    -82.030    -82.030   -105.560    -38.053   -999.900   -999.900
    -87.030    -64.967    -43.053   -999.900   -999.900    -21.914      0.000    -87.030    -87.030    -90.709    -43.073   -999.900   -999.900
    -92.030    -64.951    -47.970   -999.900   -999.900    -16.981      0.000    -92.030    -92.030    -86.930    -48.034   -999.900   -999.900
    -97.030    -64.965    -52.886   -999.900   -999.900    -12.079      0.000    -97.030    -97.030    -90.023    -53.087   -999.900   -999.900
   -102.030    -64.954    -57.481   -999.900   -999.900     -7.473      0.000   -102.030   -102.030    -87.516    -58.088   -999.900   -999.900
   -106.030    -64.945    -60.840   -999.900   -999.900     -4.105      0.000   -106.030   -106.030    -86.122    -62.283   -999.900   -999.900
   -110.030    -64.964    -63.353   -999.900   -999.900     -1.610      0.000   -110.030   -110.030    -89.793    -66.401   -999.900   -999.900
   -112.030    -64.963    -64.369   -999.900   -999.900     -0.595      0.000   -112.030   -112.030    -89.621    -68.771   -999.900   -999.900
   -114.030    -64.967    -65.017   -999.900   -999.900      0.050      0.000   -114.030   -114.030    -90.847    -70.862   -999.900   -999.900
   -116.030    -64.958    -65.553   -999.900   -999.900      0.595      0.000   -116.030   -116.030    -88.198    -73.426   -999.900   -999.900
   -119.030    -64.958    -66.001   -999.900   -999.900      1.043      0.000   -119.030   -119.030    -88.229    -77.405   -999.900   -999.900
   -122.030    -64.955    -66.239   -999.900   -999.900      1.283      0.000   -122.030   -122.030    -87.741    -83.212   -999.900   -999.900
   -127.030    -64.946    -66.395   -999.900   -999.900      1.449      0.000   -127.030   -127.030    -86.185    -83.212   -999.900   -999.900
   -132.030    -64.946    -66.425   -999.900   -999.900      1.479      0.000   -132.030   -132.030    -86.206    -83.212   -999.900   -999.900
   -137.030    -64.944    -66.422   -999.900   -999.900      1.479      0.000   -137.030   -137.030    -85.934    -83.212   -999.900   -999.900
   -142.030    -64.951    -66.420   -999.900   -999.900      1.469      0.000   -142.030   -142.030    -86.952    -83.212   -999.900   -999.900
   -147.030    -65.005    -66.412   -999.900   -999.900      1.407      0.000   -147.030   -147.030    -86.952    -83.212   -999.900   -999.900
   -152.030    -64.981    -66.386   -999.900   -999.900      1.405      0.000   -152.030   -152.030    -86.952    -83.212   -999.900   -999.900
   -157.030    -65.018    -66.485   -999.900   -999.900      1.468      0.000   -157.030   -157.030    -86.952    -83.212   -999.900   -999.900
   -157.030    -65.008    -66.485   -999.900   -999.900      1.477      0.000   -157.030   -157.030    -86.952    -83.212   -999.900   -999.900
   -162.030    -65.010    -66.488   -999.900   -999.900      1.478      0.000   -162.030   -162.030    -86.952    -83.212   -999.900   -999.900
   -167.030    -65.011    -66.484   -999.900   -999.900      1.473      0.000   -167.030   -167.030    -86.952    -83.212   -999.900   -999.900
   -172.030    -65.008    -66.487   -999.900   -999.900      1.479      0.000   -172.030   -172.030    -86.952    -83.212   -999.900   -999.900
