    -35.670    -58.402      5.976   -999.900   -999.900    -64.378      0.000    -35.670    -35.670    -63.132      5.976   -999.900   -999.900
    -40.670    -59.521      1.293   -999.900   -999.900    -60.814      0.000    -40.670    -40.670    -68.014      1.293   -999.900   -999.900
    -45.670    -59.808     -3.801   -999.900   -999.900    -56.007      0.000    -45.670    -45.670    -70.626     -3.801   -999.900   -999.900
    -50.670    -59.888     -8.998   -999.900   -999.900    -50.890      0.000    -50.670    -50.670    -71.707     -8.998   -999.900   -999.900
    -55.670    -60.039    -14.236   -999.900   -999.900    -45.803      0.000    -55.670    -55.670    -74.891    -14.237   -999.900   -999.900
    -60.670    -59.918    -19.284   -999.900   -999.900    -40.634      0.000    -60.670    -60.670    -72.188    -19.286   -999.900   -999.900
    -65.670    -59.965    -24.280   -999.900   -999.900    -35.685      0.000    -65.670    -65.670    -73.058    -24.285   -999.900   -999.900
    -70.670    -60.026    -29.240   -999.900   -999.900    -30.786      0.000    -70.670    -70.670    -74.510    -29.256   -999.900   -999.900
    -75.670    -60.076    -34.053   -999.900   -999.900    -26.023      0.000    -75.670    -75.670    -76.194    -34.101   -999.900   -999.900
    -82.670    -60.047    -39.068   -999.900   -999.900    -20.979      0.000    -82.670    -82.670    -75.142    -39.223   -999.900   -999.900
    -87.670    -60.028    -43.844   -999.900   -999.900    -16.184      0.000    -87.670    -87.670    -74.567    -44.327   -999.900   -999.900
    -92.670    -60.075    -48.958   -999.900   -999.900    -11.117      0.000    -92.670    -92.670    -76.154    -50.775   -999.900   -999.900
    -97.670    -60.111    -53.907   -999.900   -999.900     -6.204      0.000    -97.670    -97.670    -77.923    -50.775   -999.900   -999.900
   -102.670    -60.121    -53.843   -999.900   -999.900     -6.278      0.000   -102.670   -102.670    -78.573    -50.775   -999.900   -999.900
   -107.670    -60.134    -53.778   -999.900   -999.900     -6.356      0.000   -107.670   -107.670    -79.592    -50.775   -999.900   -999.900
   -112.670    -60.147    -53.733   -999.900   -999.900     -6.414      0.000   -112.670   -112.670    -80.923    -50.775   -999.900   -999.900
   -117.670    -60.170    -53.659   -999.900   -999.900     -6.511      0.000   -117.670   -117.670    -85.258    -50.775   -999.900   -999.900
   -122.670    -60.197    -53.580   -999.900   -999.900     -6.617      0.000   -122.670   -122.670    -85.258    -50.775   -999.900   -999.900
