    -56.710    -60.838    -16.909   -999.900   -999.900    -43.929      0.000    -56.710    -56.710    -75.028    -16.909   -999.900   -999.900
    -61.710    -60.717    -21.838   -999.900   -999.900    -38.878      0.000    -61.710    -61.710    -72.615    -21.839   -999.900   -999.900
    -66.710    -60.721    -26.830   -999.900   -999.900    -33.891      0.000    -66.710    -66.710    -72.687    -26.832   -999.900   -999.900
    -71.710    -60.716    -31.963   -999.900   -999.900    -28.753      0.000    -71.710    -71.710    -72.600    -31.967   -999.900   -999.900
    -76.710    -60.726    -37.044   -999.900   -999.900    -23.682      0.000    -76.710    -76.710    -72.757    -37.058   -999.900   -999.900
    -81.710    -60.761    -42.084   -999.900   -999.900    -18.677      0.000    -81.710    -81.710    -73.368    -42.131   -999.900   -999.900
    -86.710    -60.893    -46.782   -999.900   -999.900    -14.111      0.000    -86.710    -86.710    -76.775    -46.922   -999.900   -999.900
    -91.710    -60.967    -51.297   -999.900   -999.900     -9.670      0.000    -91.710    -91.710    -81.400    -51.705   -999.900   -999.900
    -96.710    -60.984    -55.442   -999.900   -999.900     -5.542      0.000    -96.710    -96.710    -83.941    -56.592   -999.900   -999.900
   -101.710    -60.992    -58.693   -999.900   -999.900     -2.300      0.000   -101.710   -101.710    -85.858    -61.631   -999.900   -999.900
   -106.710    -60.996    -60.629   -999.900   -999.900     -0.367      0.000   -106.710   -106.710    -87.317    -66.974   -999.900   -999.900
   -111.710    -61.005    -61.437   -999.900   -999.900      0.432      0.000   -111.710   -111.710    -95.339    -72.687   -999.900   -999.900
   -116.710    -61.005    -61.727   -999.900   -999.900      0.722      0.000   -116.710   -116.710    -95.188    -81.284   -999.900   -999.900
   -121.710    -61.005    -61.792   -999.900   -999.900      0.787      0.000   -121.710   -121.710    -96.586    -81.284   -999.900   -999.900
   -121.710    -61.006    -61.784   -999.900   -999.900      0.778      0.000   -121.710   -121.710   -103.855    -81.284   -999.900   -999.900
   -126.710    -61.010    -61.789   -999.900   -999.900      0.779      0.000   -126.710   -126.710   -103.855    -81.284   -999.900   -999.900
   -131.710    -61.006    -61.787   -999.900   -999.900      0.781      0.000   -131.710   -131.710   -103.855    -81.284   -999.900   -999.900
   -136.710    -61.007    -61.774   -999.900   -999.900      0.767      0.000   -136.710   -136.710   -103.855    -81.284   -999.900   -999.900
