    -35.670      5.976    -15.598   -999.900   -999.900     21.574      0.000    -35.670    -35.670      5.976    -15.598   -999.900   -999.900
    -40.670      1.293    -20.773   -999.900   -999.900     22.066      0.000    -40.670    -40.670      1.293    -20.774   -999.900   -999.900
    -45.670     -3.801    -25.854   -999.900   -999.900     22.053      0.000    -45.670    -45.670     -3.801    -25.856   -999.900   -999.900
    -50.670     -8.998    -30.787   -999.900   -999.900     21.789      0.000    -50.670    -50.670     -8.998    -30.793   -999.900   -999.900
    -55.670    -14.236    -35.617   -999.900   -999.900     21.381      0.000    -55.670    -55.670    -14.237    -35.634   -999.900   -999.900
    -60.670    -19.284    -40.440   -999.900   -999.900     21.156      0.000    -60.670    -60.670    -19.286    -40.493   -999.900   -999.900
    -65.670    -24.280    -44.980   -999.900   -999.900     20.700      0.000    -65.670    -65.670    -24.285    -45.133   -999.900   -999.900
    -70.670    -29.240    -49.411   -999.900   -999.900     20.171      0.000    -70.670    -70.670    -29.256    -49.850   -999.900   -999.900
    -75.670    -34.053    -53.417   -999.900   -999.900     19.364      0.000    -75.670    -75.670    -34.101    -54.620   -999.900   -999.900
    -82.670    -39.068    -56.659   -999.900   -999.900     17.591      0.000    -82.670    -82.670    -39.223    -59.762   -999.900   -999.900
    -87.670    -43.844    -58.677   -999.900   -999.900     14.833      0.000    -87.670    -87.670    -44.327    -65.946   -999.900   -999.900
    -92.670    -48.958    -59.512   -999.900   -999.900     10.554      0.000    -92.670    -92.670    -50.775    -77.663   -999.900   -999.900
    -97.670    -53.907    -59.731   -999.900   -999.900      5.824      0.000    -97.670    -97.670    -50.775    -77.663   -999.900   -999.900
   -102.670    -53.843    -59.699   -999.900   -999.900      5.856      0.000   -102.670   -102.670    -50.775    -77.663   -999.900   -999.900
   -107.670    -53.778    -59.656   -999.900   -999.900      5.878      0.000   -107.670   -107.670    -50.775    -77.663   -999.900   -999.900
   -112.670    -53.733    -59.625   -999.900   -999.900      5.892      0.000   -112.670   -112.670    -50.775    -77.663   -999.900   -999.900
   -117.670    -53.659    -59.586   -999.900   -999.900      5.927      0.000   -117.670   -117.670    -50.775    -77.663   -999.900   -999.900
   -122.670    -53.580    -59.572   -999.900   -999.900      5.992      0.000   -122.670   -122.670    -50.775    -77.663   -999.900   -999.900
