    -36.150    -58.278      6.043   -999.900   -999.900    -64.321      0.000    -36.150    -36.150    -62.736      6.043   -999.900   -999.900
    -41.150    -59.437      2.172   -999.900   -999.900    -61.609      0.000    -41.150    -41.150    -67.346      2.172   -999.900   -999.900
    -46.150    -59.527     -2.376   -999.900   -999.900    -57.151      0.000    -46.150    -46.150    -67.934     -2.376   -999.900   -999.900
    -51.150    -60.011     -7.061   -999.900   -999.900    -52.950      0.000    -51.150    -51.150    -73.633     -7.061   -999.900   -999.900
    -56.150    -60.086    -12.127   -999.900   -999.900    -47.959      0.000    -56.150    -56.150    -75.806    -12.127   -999.900   -999.900
    -61.150    -60.114    -17.464   -999.900   -999.900    -42.651      0.000    -61.150    -61.150    -77.034    -17.464   -999.900   -999.900
    -66.150    -59.902    -22.987   -999.900   -999.900    -36.915      0.000    -66.150    -66.150    -71.631    -22.987   -999.900   -999.900
    -71.150    -59.920    -28.378   -999.900   -999.900    -31.542      0.000    -71.150    -71.150    -71.917    -28.381   -999.900   -999.900
    -76.150    -59.965    -33.818   -999.900   -999.900    -26.147      0.000    -76.150    -76.150    -72.687    -33.828   -999.900   -999.900
    -81.930    -59.877    -39.404   -999.900   -999.900    -20.472      0.000    -81.930    -81.930    -71.277    -39.438   -999.900   -999.900
    -86.930    -60.006    -44.766   -999.900   -999.900    -15.240      0.000    -86.930    -86.930    -73.521    -44.881   -999.900   -999.900
    -91.930    -60.151    -49.490   -999.900   -999.900    -10.661      0.000    -91.930    -91.930    -79.318    -49.840   -999.900   -999.900
    -96.930    -60.225    -53.779   -999.900   -999.900     -6.447      0.000    -96.930    -96.930    -79.318    -54.792   -999.900   -999.900
   -101.930    -60.238    -57.308   -999.900   -999.900     -2.930      0.000   -101.930   -101.930    -79.318    -60.055   -999.900   -999.900
   -106.930    -60.146    -59.464   -999.900   -999.900     -0.682      0.000   -106.930   -106.930    -79.318    -65.847   -999.900   -999.900
   -111.930    -60.126    -60.456   -999.900   -999.900      0.329      0.000   -111.930   -111.930    -79.318    -75.361   -999.900   -999.900
   -116.930    -60.178    -60.585   -999.900   -999.900      0.407      0.000   -116.930   -116.930    -79.318    -85.720   -999.900   -999.900
   -116.930    -60.188    -60.559   -999.900   -999.900      0.370      0.000   -116.930   -116.930    -79.318    -80.987   -999.900   -999.900
   -121.930    -60.207    -60.651   -999.900   -999.900      0.444      0.000   -121.930   -121.930    -79.318    -80.987   -999.900   -999.900
   -126.930    -60.218    -60.617   -999.900   -999.900      0.398      0.000   -126.930   -126.930    -79.318    -80.987   -999.900   -999.900
   -131.930    -60.227    -60.581   -999.900   -999.900      0.355      0.000   -131.930   -131.930    -79.318    -80.987   -999.900   -999.900
