    -56.680    -63.294    -23.523   -999.900   -999.900    -39.771      0.000    -56.680    -56.680    -68.553    -23.524   -999.900   -999.900
    -61.680    -63.800    -27.559   -999.900   -999.900    -36.242      0.000    -61.680    -61.680    -70.553    -27.560   -999.900   -999.900
    -66.680    -63.429    -32.410   -999.900   -999.900    -31.020      0.000    -66.680    -66.680    -69.024    -32.413   -999.900   -999.900
    -71.680    -63.760    -37.324   -999.900   -999.900    -26.436      0.000    -71.680    -71.680    -70.364    -37.333   -999.900   -999.900
    -76.680    -63.299    -41.999   -999.900   -999.900    -21.300      0.000    -76.680    -76.680    -68.569    -42.027   -999.900   -999.900
    -81.680    -64.028    -46.612   -999.900   -999.900    -17.415      0.000    -81.680    -81.680    -71.753    -46.693   -999.900   -999.900
    -86.680    -61.435    -50.629   -999.900   -999.900    -10.806      0.000    -86.680    -86.680    -64.091    -50.835   -999.900   -999.900
    -91.680    -61.819    -54.202   -999.900   -999.900     -7.617      0.000    -91.680    -91.680    -64.827    -54.687   -999.900   -999.900
    -96.680    -61.655    -56.576   -999.900   -999.900     -5.079      0.000    -96.680    -96.680    -64.506    -57.452   -999.900   -999.900
   -101.680    -61.725    -58.199   -999.900   -999.900     -3.526      0.000   -101.680   -101.680    -64.643    -59.538   -999.900   -999.900
   -106.680    -61.975    -58.749   -999.900   -999.900     -3.226      0.000   -106.680   -106.680    -65.146    -60.305   -999.900   -999.900
   -111.680    -61.770    -59.432   -999.900   -999.900     -2.339      0.000   -111.680   -111.680    -64.731    -61.318   -999.900   -999.900
   -116.680    -61.692    -58.685   -999.900   -999.900     -3.007      0.000   -116.680   -116.680    -64.577    -60.213   -999.900   -999.900
   -121.680    -65.860    -66.742   -999.900   -999.900      0.882      0.000   -121.680   -121.680    -64.577    -60.213   -999.900   -999.900
   -121.680    -65.865    -66.751   -999.900   -999.900      0.887      0.000   -121.680   -121.680    -64.577    -60.213   -999.900   -999.900
   -126.680    -65.868    -66.759   -999.900   -999.900      0.891      0.000   -126.680   -126.680    -64.577    -60.213   -999.900   -999.900
   -131.680    -65.868    -66.763   -999.900   -999.900      0.894      0.000   -131.680   -131.680    -64.577    -60.213   -999.900   -999.900
   -136.680    -65.867    -66.756   -999.900   -999.900      0.889      0.000   -136.680   -136.680    -64.577    -60.213   -999.900   -999.900
