    -38.620    -58.380      4.532   -999.900   -999.900    -62.913      0.000    -38.620    -38.620    -62.833      4.532   -999.900   -999.900
    -43.620    -59.237      0.367   -999.900   -999.900    -59.604      0.000    -43.620    -43.620    -65.835      0.367   -999.900   -999.900
    -48.620    -59.773     -4.017   -999.900   -999.900    -55.755      0.000    -48.620    -48.620    -69.117     -4.017   -999.900   -999.900
    -53.620    -60.073     -8.629   -999.900   -999.900    -51.444      0.000    -53.620    -53.620    -72.828     -8.629   -999.900   -999.900
    -58.620    -60.246    -13.260   -999.900   -999.900    -46.986      0.000    -58.620    -58.620    -78.630    -13.260   -999.900   -999.900
    -63.620    -60.048    -17.912   -999.900   -999.900    -42.136      0.000    -63.620    -63.620    -72.386    -17.912   -999.900   -999.900
    -68.620    -59.907    -22.657   -999.900   -999.900    -37.250      0.000    -68.620    -68.620    -70.433    -22.658   -999.900   -999.900
    -73.620    -59.944    -27.391   -999.900   -999.900    -32.553      0.000    -73.620    -73.620    -70.874    -27.394   -999.900   -999.900
    -78.620    -60.013    -32.357   -999.900   -999.900    -27.656      0.000    -78.620    -78.620    -71.814    -32.365   -999.900   -999.900
    -84.460    -60.054    -40.822   -999.900   -999.900    -19.232      0.000    -84.460    -84.460    -72.490    -40.877   -999.900   -999.900
    -89.460    -60.202    -45.192   -999.900   -999.900    -15.011      0.000    -89.460    -89.460    -76.331    -45.343   -999.900   -999.900
    -94.460    -60.314    -49.412   -999.900   -999.900    -10.902      0.000    -94.460    -94.460    -76.331    -49.823   -999.900   -999.900
    -99.460    -60.269    -53.274   -999.900   -999.900     -6.995      0.000    -99.460    -99.460    -76.331    -54.352   -999.900   -999.900
   -104.460    -60.186    -56.518   -999.900   -999.900     -3.668      0.000   -104.460   -104.460    -76.331    -59.227   -999.900   -999.900
   -109.460    -60.185    -58.542   -999.900   -999.900     -1.643      0.000   -109.460   -109.460    -76.331    -64.384   -999.900   -999.900
   -114.460    -60.223    -59.491   -999.900   -999.900     -0.732      0.000   -114.460   -114.460    -76.331    -70.463   -999.900   -999.900
   -119.460    -60.282    -59.780   -999.900   -999.900     -0.502      0.000   -119.460   -119.460    -76.331    -77.603   -999.900   -999.900
   -119.460    -60.297    -59.821   -999.900   -999.900     -0.476      0.000   -119.460   -119.460    -76.331    -81.280   -999.900   -999.900
   -124.460    -60.315    -59.916   -999.900   -999.900     -0.399      0.000   -124.460   -124.460    -76.331    -81.280   -999.900   -999.900
   -129.460    -60.321    -59.884   -999.900   -999.900     -0.437      0.000   -129.460   -129.460    -76.331    -81.280   -999.900   -999.900
   -134.460    -60.332    -59.863   -999.900   -999.900     -0.470      0.000   -134.460   -134.460    -76.331    -81.280   -999.900   -999.900
