    -56.710    -59.756    -16.517   -999.900   -999.900    -43.239      0.000    -56.710    -56.710    -71.183    -16.517   -999.900   -999.900
    -61.710    -59.615    -21.372   -999.900   -999.900    -38.243      0.000    -61.710    -61.710    -69.542    -21.372   -999.900   -999.900
    -66.710    -59.704    -26.205   -999.900   -999.900    -33.499      0.000    -66.710    -66.710    -70.506    -26.206   -999.900   -999.900
    -71.710    -59.768    -31.136   -999.900   -999.900    -28.631      0.000    -71.710    -71.710    -71.340    -31.140   -999.900   -999.900
    -76.710    -59.825    -36.194   -999.900   -999.900    -23.632      0.000    -76.710    -76.710    -72.254    -36.207   -999.900   -999.900
    -81.710    -59.909    -41.340   -999.900   -999.900    -18.569      0.000    -81.710    -81.710    -74.014    -41.384   -999.900   -999.900
    -86.710    -59.985    -46.264   -999.900   -999.900    -13.721      0.000    -86.710    -86.710    -76.590    -46.403   -999.900   -999.900
    -91.710    -59.944    -50.852   -999.900   -999.900     -9.092      0.000    -91.710    -91.710    -75.021    -51.267   -999.900   -999.900
    -96.710    -59.873    -55.011   -999.900   -999.900     -4.862      0.000    -96.710    -96.710    -73.175    -56.189   -999.900   -999.900
   -101.710    -59.872    -58.340   -999.900   -999.900     -1.531      0.000   -101.710   -101.710    -73.144    -61.449   -999.900   -999.900
   -106.710    -59.913    -60.309   -999.900   -999.900      0.395      0.000   -106.710   -106.710    -74.128    -67.395   -999.900   -999.900
   -111.710    -59.966    -61.087   -999.900   -999.900      1.122      0.000   -111.710   -111.710    -75.782    -75.331   -999.900   -999.900
   -116.710    -60.033    -61.255   -999.900   -999.900      1.222      0.000   -116.710   -116.710    -79.608    -75.331   -999.900   -999.900
   -121.710    -60.068    -61.264   -999.900   -999.900      1.197      0.000   -121.710   -121.710    -85.242    -75.331   -999.900   -999.900
   -121.710    -60.080    -61.259   -999.900   -999.900      1.180      0.000   -121.710   -121.710    -95.314    -75.331   -999.900   -999.900
   -126.710    -60.097    -61.242   -999.900   -999.900      1.145      0.000   -126.710   -126.710    -95.314    -75.331   -999.900   -999.900
   -131.710    -60.107    -61.248   -999.900   -999.900      1.141      0.000   -131.710   -131.710    -95.314    -75.331   -999.900   -999.900
   -136.710    -60.101    -61.253   -999.900   -999.900      1.152      0.000   -136.710   -136.710    -95.314    -75.331   -999.900   -999.900
