    -35.730    -69.585     -8.580   -999.900   -999.900    -61.005      0.000    -35.730    -35.730    -73.538     -8.580   -999.900   -999.900
    -40.730    -71.776    -12.610   -999.900   -999.900    -59.166      0.000    -40.730    -40.730    -91.518    -12.610   -999.900   -999.900
    -45.730    -72.967    -17.495   -999.900   -999.900    -55.472      0.000    -45.730    -45.730    -91.518    -17.495   -999.900   -999.900
    -50.730    -73.572    -22.401   -999.900   -999.900    -51.170      0.000    -50.730    -50.730    -91.518    -22.401   -999.900   -999.900
    -55.730    -73.872    -27.231   -999.900   -999.900    -46.641      0.000    -55.730    -55.730    -91.518    -27.231   -999.900   -999.900
    -60.730    -73.928    -32.076   -999.900   -999.900    -41.852      0.000    -60.730    -60.730    -91.518    -32.076   -999.900   -999.900
    -65.730    -74.008    -36.834   -999.900   -999.900    -37.174      0.000    -65.730    -65.730    -91.518    -36.835   -999.900   -999.900
    -70.730    -73.939    -41.706   -999.900   -999.900    -32.234      0.000    -70.730    -70.730    -91.518    -41.708   -999.900   -999.900
    -75.730    -73.986    -46.457   -999.900   -999.900    -27.529      0.000    -75.730    -75.730    -91.518    -46.466   -999.900   -999.900
    -81.680    -71.391    -52.613   -999.900   -999.900    -18.778      0.000    -81.680    -81.680    -91.518    -52.649   -999.900   -999.900
    -86.680    -71.764    -57.052   -999.900   -999.900    -14.711      0.000    -86.680    -86.680    -91.518    -57.154   -999.900   -999.900
    -91.680    -71.488    -61.220   -999.900   -999.900    -10.269      0.000    -91.680    -91.680    -91.518    -61.490   -999.900   -999.900
    -96.680    -71.949    -64.822   -999.900   -999.900     -7.128      0.000    -96.680    -96.680    -91.518    -65.468   -999.900   -999.900
   -101.680    -71.614    -67.877   -999.900   -999.900     -3.737      0.000   -101.680   -101.680    -91.518    -69.300   -999.900   -999.900
   -106.680    -71.669    -69.924   -999.900   -999.900     -1.745      0.000   -106.680   -106.680    -91.518    -72.501   -999.900   -999.900
   -111.680    -71.589    -71.350   -999.900   -999.900     -0.239      0.000   -111.680   -111.680    -91.518    -75.568   -999.900   -999.900
   -116.680    -71.355    -72.242   -999.900   -999.900      0.887      0.000   -116.680   -116.680    -91.518    -78.499   -999.900   -999.900
   -121.680    -71.581    -73.510   -999.900   -999.900      1.930      0.000   -121.680   -121.680    -91.518    -78.499   -999.900   -999.900
   -121.680    -71.444    -73.499   -999.900   -999.900      2.055      0.000   -121.680   -121.680    -91.518    -78.499   -999.900   -999.900
   -126.680    -71.457    -73.492   -999.900   -999.900      2.035      0.000   -126.680   -126.680    -91.518    -78.499   -999.900   -999.900
   -131.680    -71.550    -73.479   -999.900   -999.900      1.928      0.000   -131.680   -131.680    -91.518    -78.499   -999.900   -999.900
   -136.680    -74.141    -74.595   -999.900   -999.900      0.454      0.000   -136.680   -136.680    -91.518    -78.499   -999.900   -999.900
