    -32.030    -55.299      8.777   -999.900   -999.900    -64.076      0.000    -32.030    -32.030    -55.802      8.777   -999.900   -999.900
    -33.030    -55.576      8.473   -999.900   -999.900    -64.049      0.000    -33.030    -33.030    -56.114      8.473   -999.900   -999.900
    -34.030    -56.215      8.022   -999.900   -999.900    -64.237      0.000    -34.030    -34.030    -56.845      8.022   -999.900   -999.900
    -35.030    -56.851      7.480   -999.900   -999.900    -64.331      0.000    -35.030    -35.030    -57.590      7.480   -999.900   -999.900
    -36.030    -57.594      6.868   -999.900   -999.900    -64.463      0.000    -36.030    -36.030    -58.486      6.868   -999.900   -999.900
    -37.030    -58.167      6.182   -999.900   -999.900    -64.349      0.000    -37.030    -37.030    -59.200      6.182   -999.900   -999.900
    -42.030    -61.694      1.811   -999.900   -999.900    -63.505      0.000    -42.030    -42.030    -64.508      1.811   -999.900   -999.900
    -47.030    -63.582     -3.062   -999.900   -999.900    -60.520      0.000    -47.030    -47.030    -69.376     -3.062   -999.900   -999.900
    -52.030    -64.445     -7.987   -999.900   -999.900    -56.458      0.000    -52.030    -52.030    -74.381     -7.987   -999.900   -999.900
    -57.030    -64.674    -12.994   -999.900   -999.900    -51.680      0.000    -57.030    -57.030    -77.443    -12.994   -999.900   -999.900
    -62.030    -64.849    -17.948   -999.900   -999.900    -46.902      0.000    -62.030    -62.030    -83.421    -17.948   -999.900   -999.900
    -67.030    -64.904    -22.929   -999.900   -999.900    -41.975      0.000    -67.030    -67.030    -93.584    -22.929   -999.900   -999.900
    -72.030    -64.916    -27.907   -999.900   -999.900    -37.009      0.000    -72.030    -72.030    -93.584    -27.908   -999.900   -999.900
    -77.030    -64.891    -32.432   -999.900   -999.900    -32.459      0.000    -77.030    -77.030    -93.584    -32.434   -999.900   -999.900
    -82.030    -64.878    -37.788   -999.900   -999.900    -27.090      0.000    -82.030    -82.030    -93.584    -37.794   -999.900   -999.900
    -87.030    -64.909    -42.757   -999.900   -999.900    -22.151      0.000    -87.030    -87.030    -93.584    -42.777   -999.900   -999.900
    -92.030    -64.909    -47.650   -999.900   -999.900    -17.259      0.000    -92.030    -92.030    -93.584    -47.711   -999.900   -999.900
    -97.030    -64.915    -52.533   -999.900   -999.900    -12.382      0.000    -97.030    -97.030    -93.584    -52.725   -999.900   -999.900
   -102.030    -64.915    -56.986   -999.900   -999.900     -7.928      0.000   -102.030   -102.030    -93.584    -57.543   -999.900   -999.900
   -107.030    -64.919    -61.174   -999.900   -999.900     -3.745      0.000   -107.030   -107.030    -93.584    -62.820   -999.900   -999.900
   -112.030    -64.922    -63.991   -999.900   -999.900     -0.931      0.000   -112.030   -112.030    -93.584    -68.005   -999.900   -999.900
   -117.030    -64.911    -65.474   -999.900   -999.900      0.563      0.000   -117.030   -117.030    -93.584    -73.674   -999.900   -999.900
   -122.030    -64.897    -66.015   -999.900   -999.900      1.118      0.000   -122.030   -122.030    -93.584    -80.140   -999.900   -999.900
   -127.030    -64.896    -66.249   -999.900   -999.900      1.353      0.000   -127.030   -127.030    -93.584    -80.140   -999.900   -999.900
   -132.030    -64.915    -66.360   -999.900   -999.900      1.446      0.000   -132.030   -132.030    -93.584    -80.140   -999.900   -999.900
   -132.030    -64.915    -66.360   -999.900   -999.900      1.445      0.000   -132.030   -132.030    -93.584    -80.140   -999.900   -999.900
   -137.030    -64.901    -66.350   -999.900   -999.900      1.449      0.000   -137.030   -137.030    -93.584    -80.140   -999.900   -999.900
   -142.030    -64.909    -66.378   -999.900   -999.900      1.469      0.000   -142.030   -142.030    -93.584    -80.140   -999.900   -999.900
   -147.030    -64.935    -66.390   -999.900   -999.900      1.456      0.000   -147.030   -147.030    -93.584    -80.140   -999.900   -999.900
