    -35.670    -58.012      5.434   -999.900   -999.900    -63.446      0.000    -35.670    -35.670    -62.144      5.434   -999.900   -999.900
    -40.670    -59.265      1.365   -999.900   -999.900    -60.630      0.000    -40.670    -40.670    -66.691      1.365   -999.900   -999.900
    -45.670    -59.671     -3.182   -999.900   -999.900    -56.489      0.000    -45.670    -45.670    -69.651     -3.182   -999.900   -999.900
    -50.670    -60.005     -7.817   -999.900   -999.900    -52.189      0.000    -50.670    -50.670    -75.454     -7.817   -999.900   -999.900
    -55.670    -60.117    -12.516   -999.900   -999.900    -47.600      0.000    -55.670    -55.670    -84.913    -12.516   -999.900   -999.900
    -60.670    -60.102    -17.248   -999.900   -999.900    -42.853      0.000    -60.670    -60.670    -81.821    -17.248   -999.900   -999.900
    -65.670    -59.920    -22.005   -999.900   -999.900    -37.916      0.000    -65.670    -65.670    -73.165    -22.005   -999.900   -999.900
    -70.670    -59.872    -26.829   -999.900   -999.900    -33.043      0.000    -70.670    -70.670    -72.250    -26.832   -999.900   -999.900
    -75.670    -59.853    -31.756   -999.900   -999.900    -28.097      0.000    -75.670    -75.670    -71.934    -31.763   -999.900   -999.900
    -82.520    -60.018    -39.623   -999.900   -999.900    -20.395      0.000    -82.520    -82.520    -75.934    -39.669   -999.900   -999.900
    -87.520    -59.981    -44.208   -999.900   -999.900    -15.773      0.000    -87.520    -87.520    -74.671    -44.340   -999.900   -999.900
    -92.520    -60.018    -48.625   -999.900   -999.900    -11.393      0.000    -92.520    -92.520    -75.932    -49.001   -999.900   -999.900
    -97.520    -60.075    -52.603   -999.900   -999.900     -7.473      0.000    -97.520    -97.520    -79.021    -53.612   -999.900   -999.900
   -102.520    -60.120    -55.893   -999.900   -999.900     -4.227      0.000   -102.520   -102.520    -85.958    -58.430   -999.900   -999.900
   -107.520    -60.161    -58.056   -999.900   -999.900     -2.105      0.000   -107.520   -107.520    -85.958    -63.709   -999.900   -999.900
   -112.520    -60.210    -59.079   -999.900   -999.900     -1.130      0.000   -112.520   -112.520    -85.958    -70.120   -999.900   -999.900
   -117.520    -60.217    -59.402   -999.900   -999.900     -0.815      0.000   -117.520   -117.520    -85.958    -80.526   -999.900   -999.900
   -122.520    -60.162    -59.479   -999.900   -999.900     -0.683      0.000   -122.520   -122.520    -85.958    -80.526   -999.900   -999.900
   -122.520    -60.134    -59.471   -999.900   -999.900     -0.663      0.000   -122.520   -122.520    -85.958    -80.526   -999.900   -999.900
   -127.520    -60.112    -59.431   -999.900   -999.900     -0.681      0.000   -127.520   -127.520    -85.958    -80.526   -999.900   -999.900
   -132.520    -60.087    -59.424   -999.900   -999.900     -0.663      0.000   -132.520   -132.520    -85.958    -80.526   -999.900   -999.900
   -137.520    -60.075    -59.405   -999.900   -999.900     -0.670      0.000   -137.520   -137.520    -85.958    -80.526   -999.900   -999.900
