    -35.730    -69.573     -6.275   -999.900   -999.900    -63.298      0.000    -35.730    -35.730    -74.634     -6.275   -999.900   -999.900
    -40.730    -70.298    -10.949   -999.900   -999.900    -59.349      0.000    -40.730    -40.730    -77.584    -10.949   -999.900   -999.900
    -45.730    -70.543    -15.778   -999.900   -999.900    -54.765      0.000    -45.730    -45.730    -79.088    -15.778   -999.900   -999.900
    -50.730    -70.575    -20.675   -999.900   -999.900    -49.900      0.000    -50.730    -50.730    -79.323    -20.675   -999.900   -999.900
    -55.730    -70.557    -25.498   -999.900   -999.900    -45.059      0.000    -55.730    -55.730    -79.194    -25.498   -999.900   -999.900
    -60.730    -70.502    -30.328   -999.900   -999.900    -40.174      0.000    -60.730    -60.730    -78.803    -30.328   -999.900   -999.900
    -65.730    -70.498    -35.219   -999.900   -999.900    -35.279      0.000    -65.730    -65.730    -78.781    -35.220   -999.900   -999.900
    -70.730    -70.458    -40.037   -999.900   -999.900    -30.421      0.000    -70.730    -70.730    -78.518    -40.040   -999.900   -999.900
    -75.730    -70.524    -44.812   -999.900   -999.900    -25.712      0.000    -75.730    -75.730    -78.958    -44.820   -999.900   -999.900
    -81.680    -71.233    -51.078   -999.900   -999.900    -20.155      0.000    -81.680    -81.680    -78.958    -51.111   -999.900   -999.900
    -86.680    -71.306    -55.892   -999.900   -999.900    -15.414      0.000    -86.680    -86.680    -78.958    -55.994   -999.900   -999.900
    -91.680    -71.284    -60.495   -999.900   -999.900    -10.789      0.000    -91.680    -91.680    -78.958    -60.794   -999.900   -999.900
    -96.680    -71.228    -64.757   -999.900   -999.900     -6.471      0.000    -96.680    -96.680    -78.958    -65.606   -999.900   -999.900
   -101.680    -71.218    -68.395   -999.900   -999.900     -2.823      0.000   -101.680   -101.680    -78.958    -70.691   -999.900   -999.900
   -106.680    -71.229    -70.713   -999.900   -999.900     -0.516      0.000   -106.680   -106.680    -78.958    -75.944   -999.900   -999.900
   -111.680    -71.194    -71.850   -999.900   -999.900      0.656      0.000   -111.680   -111.680    -78.958    -82.290   -999.900   -999.900
   -116.680    -71.192    -72.261   -999.900   -999.900      1.070      0.000   -116.680   -116.680    -78.958   -115.703   -999.900   -999.900
   -121.680    -71.195    -72.259   -999.900   -999.900      1.064      0.000   -121.680   -121.680    -78.958   -104.739   -999.900   -999.900
   -121.680    -71.197    -72.263   -999.900   -999.900      1.066      0.000   -121.680   -121.680    -78.958   -104.739   -999.900   -999.900
   -126.680    -71.193    -72.259   -999.900   -999.900      1.066      0.000   -126.680   -126.680    -78.958   -104.739   -999.900   -999.900
   -131.680    -71.200    -72.264   -999.900   -999.900      1.064      0.000   -131.680   -131.680    -78.958   -104.739   -999.900   -999.900
   -136.680    -71.202    -72.262   -999.900   -999.900      1.060      0.000   -136.680   -136.680    -78.958   -104.739   -999.900   -999.900
