    -26.500    -53.993      7.029   -999.900   -999.900    -61.022      0.000    -26.500    -26.500    -54.342      7.029   -999.900   -999.900
    -28.500    -55.640      5.716   -999.900   -999.900    -61.357      0.000    -28.500    -28.500    -56.160      5.716   -999.900   -999.900
    -30.500    -57.240      4.146   -999.900   -999.900    -61.386      0.000    -30.500    -30.500    -58.013      4.146   -999.900   -999.900
    -32.500    -58.655      2.426   -999.900   -999.900    -61.081      0.000    -32.500    -32.500    -59.767      2.426   -999.900   -999.900
    -34.500    -59.894      0.706   -999.900   -999.900    -60.600      0.000    -34.500    -34.500    -61.446      0.706   -999.900   -999.900
    -37.500    -61.523     -1.987   -999.900   -999.900    -59.535      0.000    -37.500    -37.500    -64.019     -1.987   -999.900   -999.900
    -42.500    -63.303     -6.310   -999.900   -999.900    -56.993      0.000    -42.500    -42.500    -67.972     -6.310   -999.900   -999.900
    -47.500    -64.340    -11.287   -999.900   -999.900    -53.053      0.000    -47.500    -47.500    -72.202    -11.287   -999.900   -999.900
    -52.500    -64.782    -16.275   -999.900   -999.900    -48.507      0.000    -52.500    -52.500    -76.089    -16.275   -999.900   -999.900
    -57.500    -64.961    -21.256   -999.900   -999.900    -43.705      0.000    -57.500    -57.500    -79.525    -21.256   -999.900   -999.900
    -62.500    -65.021    -26.224   -999.900   -999.900    -38.797      0.000    -62.500    -62.500    -81.685    -26.225   -999.900   -999.900
    -67.500    -65.043    -31.219   -999.900   -999.900    -33.824      0.000    -67.500    -67.500    -82.805    -31.220   -999.900   -999.900
    -72.500    -65.056    -36.215   -999.900   -999.900    -28.841      0.000    -72.500    -72.500    -83.674    -36.219   -999.900   -999.900
    -77.500    -65.058    -41.189   -999.900   -999.900    -23.869      0.000    -77.500    -77.500    -83.855    -41.202   -999.900   -999.900
    -82.500    -65.059    -46.178   -999.900   -999.900    -18.881      0.000    -82.500    -82.500    -83.892    -46.219   -999.900   -999.900
    -87.500    -65.066    -50.517   -999.900   -999.900    -14.549      0.000    -87.500    -87.500    -84.477    -50.631   -999.900   -999.900
    -92.500    -65.073    -54.361   -999.900   -999.900    -10.712      0.000    -92.500    -92.500    -85.149    -54.643   -999.900   -999.900
    -96.500    -65.079    -57.293   -999.900   -999.900     -7.786      0.000    -96.500    -96.500    -85.831    -57.866   -999.900   -999.900
   -100.500    -65.079    -59.895   -999.900   -999.900     -5.184      0.000   -100.500   -100.500    -85.824    -61.002   -999.900   -999.900
   -102.500    -65.076    -60.908   -999.900   -999.900     -4.168      0.000   -102.500   -102.500    -85.445    -62.358   -999.900   -999.900
   -104.500    -65.085    -61.828   -999.900   -999.900     -3.257      0.000   -104.500   -104.500    -86.553    -63.705   -999.900   -999.900
   -106.500    -65.090    -62.596   -999.900   -999.900     -2.494      0.000   -106.500   -106.500    -87.372    -64.954   -999.900   -999.900
   -109.500    -65.080    -63.538   -999.900   -999.900     -1.542      0.000   -109.500   -109.500    -85.933    -66.728   -999.900   -999.900
   -112.500    -65.077    -64.279   -999.900   -999.900     -0.798      0.000   -112.500   -112.500    -85.614    -68.449   -999.900   -999.900
   -117.500    -65.074    -65.647   -999.900   -999.900      0.574      0.000   -117.500   -117.500    -85.198    -73.762   -999.900   -999.900
   -122.500    -65.067    -66.185   -999.900   -999.900      1.118      0.000   -122.500   -122.500    -84.552    -79.865   -999.900   -999.900
   -127.500    -65.064    -66.392   -999.900   -999.900      1.328      0.000   -127.500   -127.500    -84.316    -79.865   -999.900   -999.900
   -132.500    -65.064    -66.458   -999.900   -999.900      1.395      0.000   -132.500   -132.500    -84.296    -79.865   -999.900   -999.900
   -137.500    -65.066    -66.474   -999.900   -999.900      1.408      0.000   -137.500   -137.500    -84.443    -79.865   -999.900   -999.900
   -142.500    -65.082    -66.476   -999.900   -999.900      1.394      0.000   -142.500   -142.500    -86.170    -79.865   -999.900   -999.900
   -147.500    -65.173    -66.514   -999.900   -999.900      1.341      0.000   -147.500   -147.500    -86.170    -79.865   -999.900   -999.900
   -147.500    -65.172    -66.519   -999.900   -999.900      1.347      0.000   -147.500   -147.500    -86.170    -79.865   -999.900   -999.900
   -152.500    -65.172    -66.517   -999.900   -999.900      1.345      0.000   -152.500   -152.500    -86.170    -79.865   -999.900   -999.900
   -157.500    -65.174    -66.514   -999.900   -999.900      1.341      0.000   -157.500   -157.500    -86.170    -79.865   -999.900   -999.900
   -162.500    -65.173    -66.515   -999.900   -999.900      1.342      0.000   -162.500   -162.500    -86.170    -79.865   -999.900   -999.900
