    -35.670    -58.366      4.925   -999.900   -999.900    -63.291      0.000    -35.670    -35.670    -63.142      4.925   -999.900   -999.900
    -40.670    -59.294      0.757   -999.900   -999.900    -60.051      0.000    -40.670    -40.670    -66.889      0.757   -999.900   -999.900
    -45.670    -59.731     -3.769   -999.900   -999.900    -55.962      0.000    -45.670    -45.670    -70.358     -3.769   -999.900   -999.900
    -50.670    -60.031     -8.407   -999.900   -999.900    -51.624      0.000    -50.670    -50.670    -76.732     -8.407   -999.900   -999.900
    -55.670    -60.189    -13.015   -999.900   -999.900    -47.174      0.000    -55.670    -55.670    -76.732    -13.015   -999.900   -999.900
    -60.670    -60.036    -17.677   -999.900   -999.900    -42.359      0.000    -60.670    -60.670    -76.732    -17.677   -999.900   -999.900
    -65.670    -59.873    -22.420   -999.900   -999.900    -37.453      0.000    -65.670    -65.670    -76.732    -22.421   -999.900   -999.900
    -70.670    -59.908    -27.305   -999.900   -999.900    -32.603      0.000    -70.670    -70.670    -76.732    -27.307   -999.900   -999.900
    -75.670    -59.958    -32.085   -999.900   -999.900    -27.873      0.000    -75.670    -75.670    -76.732    -32.092   -999.900   -999.900
    -82.520    -59.885    -40.696   -999.900   -999.900    -19.189      0.000    -82.520    -82.520    -76.732    -40.744   -999.900   -999.900
    -87.520    -60.010    -45.704   -999.900   -999.900    -14.306      0.000    -87.520    -87.520    -76.732    -45.859   -999.900   -999.900
    -92.520    -60.124    -50.287   -999.900   -999.900     -9.837      0.000    -92.520    -92.520    -76.732    -50.746   -999.900   -999.900
    -97.520    -60.184    -54.337   -999.900   -999.900     -5.847      0.000    -97.520    -97.520    -76.732    -55.615   -999.900   -999.900
   -102.520    -60.250    -57.497   -999.900   -999.900     -2.752      0.000   -102.520   -102.520    -76.732    -60.755   -999.900   -999.900
   -107.520    -60.228    -59.457   -999.900   -999.900     -0.771      0.000   -107.520   -107.520    -76.732    -67.120   -999.900   -999.900
   -112.520    -60.144    -60.237   -999.900   -999.900      0.094      0.000   -112.520   -112.520    -76.732    -81.079   -999.900   -999.900
   -117.520    -60.097    -60.364   -999.900   -999.900      0.267      0.000   -117.520   -117.520    -76.732    -81.079   -999.900   -999.900
   -122.520    -60.114    -60.324   -999.900   -999.900      0.210      0.000   -122.520   -122.520    -76.732    -81.079   -999.900   -999.900
   -122.520    -60.117    -60.296   -999.900   -999.900      0.179      0.000   -122.520   -122.520    -76.732    -81.079   -999.900   -999.900
   -127.520    -60.129    -60.260   -999.900   -999.900      0.131      0.000   -127.520   -127.520    -76.732    -81.079   -999.900   -999.900
   -132.520    -60.135    -60.218   -999.900   -999.900      0.083      0.000   -132.520   -132.520    -76.732    -81.079   -999.900   -999.900
   -137.520    -60.156    -60.180   -999.900   -999.900      0.024      0.000   -137.520   -137.520    -76.732    -81.079   -999.900   -999.900
