    -55.730    -64.054    -22.849   -999.900   -999.900    -41.204      0.000    -55.730    -55.730    -71.492    -22.850   -999.900   -999.900
    -60.730    -64.090    -27.856   -999.900   -999.900    -36.234      0.000    -60.730    -60.730    -71.696    -27.857   -999.900   -999.900
    -65.730    -64.201    -32.823   -999.900   -999.900    -31.379      0.000    -65.730    -65.730    -72.382    -32.826   -999.900   -999.900
    -70.730    -64.018    -37.739   -999.900   -999.900    -26.280      0.000    -70.730    -70.730    -71.299    -37.748   -999.900   -999.900
    -75.730    -64.290    -42.604   -999.900   -999.900    -21.686      0.000    -75.730    -75.730    -73.000    -42.632   -999.900   -999.900
    -80.730    -64.305    -47.349   -999.900   -999.900    -16.956      0.000    -80.730    -80.730    -73.111    -47.432   -999.900   -999.900
    -85.730    -64.316    -51.632   -999.900   -999.900    -12.683      0.000    -85.730    -85.730    -73.196    -51.860   -999.900   -999.900
    -90.730    -63.980    -55.352   -999.900   -999.900     -8.629      0.000    -90.730    -90.730    -71.100    -55.909   -999.900   -999.900
    -95.730    -64.121    -57.944   -999.900   -999.900     -6.177      0.000    -95.730    -95.730    -71.882    -59.016   -999.900   -999.900
   -100.730    -64.109    -59.511   -999.900   -999.900     -4.598      0.000   -100.730   -100.730    -71.807    -61.146   -999.900   -999.900
   -105.730    -63.754    -59.760   -999.900   -999.900     -3.993      0.000   -105.730   -105.730    -70.041    -61.514   -999.900   -999.900
   -110.730    -64.003    -60.456   -999.900   -999.900     -3.547      0.000   -110.730   -110.730    -71.220    -62.602   -999.900   -999.900
   -115.730    -64.177    -60.071   -999.900   -999.900     -4.107      0.000   -115.730   -115.730    -72.227    -61.987   -999.900   -999.900
   -120.730    -65.082    -66.488   -999.900   -999.900      1.405      0.000   -120.730   -120.730    -72.227    -61.987   -999.900   -999.900
   -120.730    -65.076    -66.486   -999.900   -999.900      1.410      0.000   -120.730   -120.730    -72.227    -61.987   -999.900   -999.900
   -125.730    -65.081    -66.489   -999.900   -999.900      1.408      0.000   -125.730   -125.730    -72.227    -61.987   -999.900   -999.900
   -130.730    -65.087    -66.491   -999.900   -999.900      1.404      0.000   -130.730   -130.730    -72.227    -61.987   -999.900   -999.900
   -135.730    -65.084    -66.493   -999.900   -999.900      1.409      0.000   -135.730   -135.730    -72.227    -61.987   -999.900   -999.900
