    -45.730    -64.268    -11.932   -999.900   -999.900    -52.336      0.000    -45.730    -45.730    -71.935    -11.932   -999.900   -999.900
    -50.730    -64.925    -16.928   -999.900   -999.900    -47.997      0.000    -50.730    -50.730    -79.384    -16.928   -999.900   -999.900
    -55.730    -65.049    -21.950   -999.900   -999.900    -43.099      0.000    -55.730    -55.730    -86.106    -21.950   -999.900   -999.900
    -60.730    -64.938    -26.948   -999.900   -999.900    -37.990      0.000    -60.730    -60.730    -79.771    -26.949   -999.900   -999.900
    -65.730    -64.897    -31.986   -999.900   -999.900    -32.910      0.000    -65.730    -65.730    -78.657    -31.988   -999.900   -999.900
    -70.730    -64.677    -36.968   -999.900   -999.900    -27.710      0.000    -70.730    -70.730    -75.174    -36.973   -999.900   -999.900
    -75.730    -64.605    -41.924   -999.900   -999.900    -22.681      0.000    -75.730    -75.730    -74.426    -41.939   -999.900   -999.900
    -80.730    -64.574    -46.786   -999.900   -999.900    -17.787      0.000    -80.730    -80.730    -74.132    -46.833   -999.900   -999.900
    -85.730    -64.697    -51.721   -999.900   -999.900    -12.976      0.000    -85.730    -85.730    -75.397    -51.868   -999.900   -999.900
    -90.730    -64.604    -56.165   -999.900   -999.900     -8.440      0.000    -90.730    -90.730    -74.416    -56.589   -999.900   -999.900
    -95.730    -64.606    -60.173   -999.900   -999.900     -4.433      0.000    -95.730    -95.730    -74.433    -61.332   -999.900   -999.900
   -100.730    -64.653    -62.729   -999.900   -999.900     -1.924      0.000   -100.730   -100.730    -74.904    -65.108   -999.900   -999.900
   -105.730    -64.632    -63.481   -999.900   -999.900     -1.150      0.000   -105.730   -105.730    -74.688    -66.506   -999.900   -999.900
   -135.730    -65.082    -66.477   -999.900   -999.900      1.395      0.000   -135.730   -135.730   -101.713   -104.195   -999.900   -999.900
   -135.730    -65.086    -66.480   -999.900   -999.900      1.394      0.000   -135.730   -135.730   -101.713   -104.195   -999.900   -999.900
   -140.730    -65.082    -66.478   -999.900   -999.900      1.397      0.000   -140.730   -140.730   -101.713   -104.195   -999.900   -999.900
   -145.730    -65.085    -66.476   -999.900   -999.900      1.392      0.000   -145.730   -145.730   -101.713   -104.195   -999.900   -999.900
   -150.730    -65.082    -66.476   -999.900   -999.900      1.394      0.000   -150.730   -150.730   -101.713   -104.195   -999.900   -999.900
