    -35.730    -65.008     -1.246   -999.900   -999.900    -63.763      0.000    -35.730    -35.730    -74.028     -1.246   -999.900   -999.900
    -40.730    -65.066     -6.026   -999.900   -999.900    -59.040      0.000    -40.730    -40.730    -74.509     -6.026   -999.900   -999.900
    -45.730    -64.776    -10.905   -999.900   -999.900    -53.871      0.000    -45.730    -45.730    -72.448    -10.905   -999.900   -999.900
    -50.730    -64.461    -15.795   -999.900   -999.900    -48.667      0.000    -50.730    -50.730    -70.866    -15.795   -999.900   -999.900
    -55.730    -64.532    -20.657   -999.900   -999.900    -43.875      0.000    -55.730    -55.730    -71.184    -20.657   -999.900   -999.900
    -60.730    -64.276    -25.466   -999.900   -999.900    -38.810      0.000    -60.730    -60.730    -70.109    -25.466   -999.900   -999.900
    -65.730    -64.257    -30.379   -999.900   -999.900    -33.878      0.000    -65.730    -65.730    -70.037    -30.380   -999.900   -999.900
    -70.730    -64.190    -35.202   -999.900   -999.900    -28.988      0.000    -70.730    -70.730    -69.786    -35.205   -999.900   -999.900
    -75.730    -64.256    -40.190   -999.900   -999.900    -24.066      0.000    -75.730    -75.730    -70.031    -40.200   -999.900   -999.900
    -81.680    -65.508    -46.131   -999.900   -999.900    -19.377      0.000    -81.680    -81.680    -82.763    -46.170   -999.900   -999.900
    -86.680    -65.496    -50.788   -999.900   -999.900    -14.709      0.000    -86.680    -86.680    -82.194    -50.903   -999.900   -999.900
    -91.680    -65.555    -55.298   -999.900   -999.900    -10.257      0.000    -91.680    -91.680    -86.533    -55.633   -999.900   -999.900
    -96.680    -65.544    -59.200   -999.900   -999.900     -6.344      0.000    -96.680    -96.680    -85.350    -60.074   -999.900   -999.900
   -101.680    -65.409    -62.530   -999.900   -999.900     -2.879      0.000   -101.680   -101.680    -79.301    -64.692   -999.900   -999.900
   -106.680    -65.459    -64.632   -999.900   -999.900     -0.827      0.000   -106.680   -106.680    -80.738    -69.026   -999.900   -999.900
   -111.680    -65.528    -65.722   -999.900   -999.900      0.194      0.000   -111.680   -111.680    -84.046    -73.119   -999.900   -999.900
   -116.680    -65.496    -66.280   -999.900   -999.900      0.785      0.000   -116.680   -116.680    -82.168    -77.833   -999.900   -999.900
   -121.680    -65.386    -66.646   -999.900   -999.900      1.260      0.000   -121.680   -121.680    -78.777    -77.833   -999.900   -999.900
   -121.680    -65.446    -66.651   -999.900   -999.900      1.205      0.000   -121.680   -121.680    -80.324    -77.833   -999.900   -999.900
   -126.680    -65.584    -66.666   -999.900   -999.900      1.083      0.000   -126.680   -126.680    -93.832    -77.833   -999.900   -999.900
   -131.680    -65.824    -66.673   -999.900   -999.900      0.849      0.000   -131.680   -131.680    -93.832    -77.833   -999.900   -999.900
   -136.680    -65.825    -66.667   -999.900   -999.900      0.842      0.000   -136.680   -136.680    -93.832    -77.833   -999.900   -999.900
