   6.75559998       261.290009      0.309500009      0.613448739       0.00000000       2.80504506E-02
   6.28770018       265.540009      0.246000007      0.586586237       0.00000000       3.13969031E-02
   6.02209997       267.059998      0.250999987      0.551894844       0.00000000       3.80451493E-02
   5.86770010       267.660004      0.331999987       1.02704155       0.00000000       4.62614037E-02
   4.55280018       277.269989      0.158000007       1.00842011       0.00000000       4.87704985E-02
   3.58820009       282.779999      0.102399997      0.974311471       0.00000000       5.35449348E-02
   2.78270006       286.549988       8.42000023E-02  -5.03035709E+17   0.00000000       6.33447021E-02
   2.60430002       287.279999      0.105700001       4.58546896E-41   0.00000000      0.104015552    
   2.51489997       286.980011      0.245399997      -2.03146098E+18   0.00000000      0.158835694    
   2.43309999       287.119995      0.314300001       4.58546896E-41   0.00000000      0.319876790    
   2.27069998       285.820007      0.762499988      -1.74752447E+18   0.00000000      0.489873648    
   2.17939997       286.160004      0.817399979       4.58546896E-41   0.00000000      0.536877215    
   1.98640001       287.619995      0.783500016       0.00000000       0.00000000      0.434090644    
   1.89110005       288.290009      0.469199985       0.00000000       0.00000000      0.396699011    
   1.72909999       287.420013      0.693899989                  NaN   0.00000000      0.507868588    
   1.65400004       287.420013      0.754400015       4.20389539E-45   0.00000000      0.592869282    
  0.702740014       293.940002      0.575399995      -2.97194973E+31   0.00000000      0.750297248    
  0.643710017       293.859985      0.721700013       4.59149455E-41   0.00000000      0.923346162    
  0.552770019       294.350006      0.777100027      -1.74659814E+18   0.00000000       1.04481769    
  0.372619987       295.850006      0.772000015       1.40129846E-45   0.00000000       1.11482084    
  0.185249999       297.649994      0.709500015      -2.97196134E+31   0.00000000       1.11000919    
  0.115390003       298.350006      0.666499972       4.59149455E-41   0.00000000       1.15235746    
