     16.000     13.598     13.628   -999.900   -999.900     -0.030      0.000     16.000     16.000     13.598     13.628   -999.900   -999.900
     14.000     13.051     13.101   -999.900   -999.900     -0.050      0.000     14.000     14.000     13.051     13.101   -999.900   -999.900
     12.000     11.979     12.111   -999.900   -999.900     -0.132      0.000     12.000     12.000     11.979     12.111   -999.900   -999.900
     10.000      9.969     10.108   -999.900   -999.900     -0.139      0.000     10.000     10.000      9.969     10.108   -999.900   -999.900
      8.000      7.959      8.091   -999.900   -999.900     -0.132      0.000      8.000      8.000      7.959      8.091   -999.900   -999.900
      6.000      5.954      6.080   -999.900   -999.900     -0.126      0.000      6.000      6.000      5.954      6.080   -999.900   -999.900
      4.000      4.007      4.112   -999.900   -999.900     -0.105      0.000      4.000      4.000      4.007      4.112   -999.900   -999.900
      2.000      1.995      2.098   -999.900   -999.900     -0.103      0.000      2.000      2.000      1.995      2.098   -999.900   -999.900
      0.000     -0.010      0.097   -999.900   -999.900     -0.107      0.000      0.000      0.000     -0.010      0.097   -999.900   -999.900
     -2.000     -2.009     -1.903   -999.900   -999.900     -0.106      0.000     -2.000     -2.000     -2.009     -1.903   -999.900   -999.900
     -4.000     -4.003     -3.900   -999.900   -999.900     -0.103      0.000     -4.000     -4.000     -4.003     -3.900   -999.900   -999.900
     -6.000     -5.984     -5.878   -999.900   -999.900     -0.106      0.000     -6.000     -6.000     -5.984     -5.878   -999.900   -999.900
     -8.000     -8.000     -7.892   -999.900   -999.900     -0.108      0.000     -8.000     -8.000     -8.000     -7.892   -999.900   -999.900
    -10.000    -10.008     -9.905   -999.900   -999.900     -0.103      0.000    -10.000    -10.000    -10.008     -9.905   -999.900   -999.900
    -12.000    -12.012    -11.915   -999.900   -999.900     -0.097      0.000    -12.000    -12.000    -12.012    -11.915   -999.900   -999.900
    -14.000    -14.011    -13.925   -999.900   -999.900     -0.086      0.000    -14.000    -14.000    -14.011    -13.925   -999.900   -999.900
    -16.000    -16.014    -15.937   -999.900   -999.900     -0.077      0.000    -16.000    -16.000    -16.014    -15.937   -999.900   -999.900
    -18.000    -18.032    -17.968   -999.900   -999.900     -0.064      0.000    -18.000    -18.000    -18.032    -17.968   -999.900   -999.900
    -20.000    -20.046    -20.006   -999.900   -999.900     -0.040      0.000    -20.000    -20.000    -20.046    -20.006   -999.900   -999.900
    -22.000    -22.059    -22.039   -999.900   -999.900     -0.020      0.000    -22.000    -22.000    -22.059    -22.039   -999.900   -999.900
    -24.000    -24.065    -24.064   -999.900   -999.900     -0.001      0.000    -24.000    -24.000    -24.065    -24.064   -999.900   -999.900
    -26.000    -26.069    -26.111   -999.900   -999.900      0.042      0.000    -26.000    -26.000    -26.069    -26.111   -999.900   -999.900
    -28.000    -28.101    -28.181   -999.900   -999.900      0.080      0.000    -28.000    -28.000    -28.101    -28.181   -999.900   -999.900
    -30.000    -30.153    -30.273   -999.900   -999.900      0.120      0.000    -30.000    -30.000    -30.153    -30.273   -999.900   -999.900
    -32.000    -32.190    -32.373   -999.900   -999.900      0.183      0.000    -32.000    -32.000    -32.191    -32.373   -999.900   -999.900
    -34.000    -34.170    -34.486   -999.900   -999.900      0.316      0.000    -34.000    -34.000    -34.171    -34.487   -999.900   -999.900
    -36.000    -36.213    -36.580   -999.900   -999.900      0.367      0.000    -36.000    -36.000    -36.215    -36.581   -999.900   -999.900
    -38.000    -38.272    -38.777   -999.900   -999.900      0.505      0.000    -38.000    -38.000    -38.275    -38.779   -999.900   -999.900
    -40.000    -40.036    -40.905   -999.900   -999.900      0.869      0.000    -40.000    -40.000    -40.040    -40.908   -999.900   -999.900
    -42.000    -41.889    -42.906   -999.900   -999.900      1.017      0.000    -42.000    -42.000    -41.895    -42.911   -999.900   -999.900
    -44.000    -43.836    -44.880   -999.900   -999.900      1.044      0.000    -44.000    -44.000    -43.846    -44.888   -999.900   -999.900
    -46.000    -45.772    -46.708   -999.900   -999.900      0.936      0.000    -46.000    -46.000    -45.787    -46.721   -999.900   -999.900
    -48.000    -47.782    -48.263   -999.900   -999.900      0.481      0.000    -48.000    -48.000    -47.806    -48.281   -999.900   -999.900
    -50.000    -49.823    -50.039   -999.900   -999.900      0.216      0.000    -50.000    -50.000    -49.861    -50.067   -999.900   -999.900
    -52.000    -51.852    -51.978   -999.900   -999.900      0.126      0.000    -52.000    -52.000    -51.913    -52.022   -999.900   -999.900
    -54.000    -53.823    -54.035   -999.900   -999.900      0.212      0.000    -54.000    -54.000    -53.920    -54.105   -999.900   -999.900
    -56.000    -55.785    -56.127   -999.900   -999.900      0.342      0.000    -56.000    -56.000    -55.938    -56.241   -999.900   -999.900
    -58.000    -57.722    -58.192   -999.900   -999.900      0.470      0.000    -58.000    -58.000    -57.964    -58.377   -999.900   -999.900
    -60.000    -59.613    -60.179   -999.900   -999.900      0.566      0.000    -60.000    -60.000    -59.992    -60.475   -999.900   -999.900
    -62.000    -61.443    -62.089   -999.900   -999.900      0.646      0.000    -62.000    -62.000    -62.035    -62.558   -999.900   -999.900
    -64.000    -63.176    -63.899   -999.900   -999.900      0.723      0.000    -64.000    -64.000    -64.091    -64.632   -999.900   -999.900
    -66.000    -64.806    -65.616   -999.900   -999.900      0.810      0.000    -66.000    -66.000    -66.212    -66.755   -999.900   -999.900
    -68.000    -66.280    -67.208   -999.900   -999.900      0.928      0.000    -68.000    -68.000    -68.415    -68.966   -999.900   -999.900
    -70.000    -67.560    -68.622   -999.900   -999.900      1.062      0.000    -70.000    -70.000    -70.760    -71.306   -999.900   -999.900
    -72.000    -68.632    -69.838   -999.900   -999.900      1.206      0.000    -72.000    -72.000    -73.412    -73.926   -999.900   -999.900
    -74.000    -69.453    -70.802   -999.900   -999.900      1.349      0.000    -74.000    -74.000    -76.580    -77.026   -999.900   -999.900
    -76.000    -70.058    -71.551   -999.900   -999.900      1.493      0.000    -76.000    -76.000    -81.408    -81.763   -999.900   -999.900
    -78.000    -70.506    -72.127   -999.900   -999.900      1.621      0.000    -78.000    -78.000    -81.408    -81.763   -999.900   -999.900
    -80.000    -70.785    -72.515   -999.900   -999.900      1.730      0.000    -80.000    -80.000    -81.408    -81.763   -999.900   -999.900
    -82.000    -71.006    -72.803   -999.900   -999.900      1.797      0.000    -82.000    -82.000    -81.408    -81.763   -999.900   -999.900
    -84.000    -71.118    -72.978   -999.900   -999.900      1.860      0.000    -84.000    -84.000    -81.408    -81.763   -999.900   -999.900
    -86.000    -71.188    -73.101   -999.900   -999.900      1.913      0.000    -86.000    -86.000    -81.408    -81.763   -999.900   -999.900
    -88.000    -71.260    -73.166   -999.900   -999.900      1.906      0.000    -88.000    -88.000    -81.408    -81.763   -999.900   -999.900
    -90.000    -71.312    -73.189   -999.900   -999.900      1.877      0.000    -90.000    -90.000    -81.408    -81.763   -999.900   -999.900
    -92.000    -71.330    -73.237   -999.900   -999.900      1.907      0.000    -92.000    -92.000    -81.408    -81.763   -999.900   -999.900
    -94.000    -71.354    -73.247   -999.900   -999.900      1.893      0.000    -94.000    -94.000    -81.408    -81.763   -999.900   -999.900
    -96.000    -71.350    -73.265   -999.900   -999.900      1.915      0.000    -96.000    -96.000    -81.408    -81.763   -999.900   -999.900
    -98.000    -71.360    -73.185   -999.900   -999.900      1.825      0.000    -98.000    -98.000    -81.408    -81.763   -999.900   -999.900
