     14.000     12.891     12.933   -999.900   -999.900     -0.042      0.000     14.000     14.000     12.891     12.933   -999.900   -999.900
     12.000     11.696     11.807   -999.900   -999.900     -0.111      0.000     12.000     12.000     11.696     11.807   -999.900   -999.900
     10.000      9.708      9.812   -999.900   -999.900     -0.104      0.000     10.000     10.000      9.708      9.812   -999.900   -999.900
      8.000      7.713      7.810   -999.900   -999.900     -0.097      0.000      8.000      8.000      7.713      7.810   -999.900   -999.900
      6.000      5.707      5.800   -999.900   -999.900     -0.093      0.000      6.000      6.000      5.707      5.800   -999.900   -999.900
      4.000      3.696      3.786   -999.900   -999.900     -0.090      0.000      4.000      4.000      3.696      3.786   -999.900   -999.900
      2.000      1.688      1.775   -999.900   -999.900     -0.087      0.000      2.000      2.000      1.688      1.775   -999.900   -999.900
      0.000     -0.319     -0.226   -999.900   -999.900     -0.093      0.000      0.000      0.000     -0.319     -0.226   -999.900   -999.900
     -2.000     -2.331     -2.241   -999.900   -999.900     -0.090      0.000     -2.000     -2.000     -2.331     -2.241   -999.900   -999.900
     -4.000     -4.338     -4.249   -999.900   -999.900     -0.089      0.000     -4.000     -4.000     -4.338     -4.249   -999.900   -999.900
     -6.000     -6.336     -6.239   -999.900   -999.900     -0.097      0.000     -6.000     -6.000     -6.336     -6.239   -999.900   -999.900
     -8.000     -8.331     -8.234   -999.900   -999.900     -0.097      0.000     -8.000     -8.000     -8.331     -8.234   -999.900   -999.900
    -10.000    -10.334    -10.241   -999.900   -999.900     -0.093      0.000    -10.000    -10.000    -10.334    -10.241   -999.900   -999.900
    -12.000    -12.349    -12.270   -999.900   -999.900     -0.079      0.000    -12.000    -12.000    -12.349    -12.270   -999.900   -999.900
    -14.000    -14.358    -14.288   -999.900   -999.900     -0.070      0.000    -14.000    -14.000    -14.358    -14.288   -999.900   -999.900
    -16.000    -16.360    -16.299   -999.900   -999.900     -0.061      0.000    -16.000    -16.000    -16.360    -16.299   -999.900   -999.900
    -18.000    -18.360    -18.311   -999.900   -999.900     -0.049      0.000    -18.000    -18.000    -18.360    -18.311   -999.900   -999.900
    -20.000    -20.377    -20.352   -999.900   -999.900     -0.025      0.000    -20.000    -20.000    -20.377    -20.352   -999.900   -999.900
    -22.000    -22.401    -22.398   -999.900   -999.900     -0.003      0.000    -22.000    -22.000    -22.401    -22.398   -999.900   -999.900
    -24.000    -24.413    -24.431   -999.900   -999.900      0.018      0.000    -24.000    -24.000    -24.413    -24.431   -999.900   -999.900
    -26.000    -26.419    -26.486   -999.900   -999.900      0.067      0.000    -26.000    -26.000    -26.419    -26.486   -999.900   -999.900
    -28.000    -28.437    -28.532   -999.900   -999.900      0.095      0.000    -28.000    -28.000    -28.437    -28.532   -999.900   -999.900
    -30.000    -30.468    -30.602   -999.900   -999.900      0.134      0.000    -30.000    -30.000    -30.468    -30.602   -999.900   -999.900
    -32.000    -32.529    -32.715   -999.900   -999.900      0.186      0.000    -32.000    -32.000    -32.530    -32.716   -999.900   -999.900
    -34.000    -34.538    -34.847   -999.900   -999.900      0.309      0.000    -34.000    -34.000    -34.539    -34.848   -999.900   -999.900
    -36.000    -36.566    -36.903   -999.900   -999.900      0.337      0.000    -36.000    -36.000    -36.568    -36.905   -999.900   -999.900
    -38.000    -38.498    -39.084   -999.900   -999.900      0.586      0.000    -38.000    -38.000    -38.501    -39.087   -999.900   -999.900
    -40.000    -40.374    -41.215   -999.900   -999.900      0.841      0.000    -40.000    -40.000    -40.379    -41.220   -999.900   -999.900
    -42.000    -42.456    -43.207   -999.900   -999.900      0.751      0.000    -42.000    -42.000    -42.463    -43.214   -999.900   -999.900
    -44.000    -44.452    -44.967   -999.900   -999.900      0.515      0.000    -44.000    -44.000    -44.464    -44.978   -999.900   -999.900
    -46.000    -46.275    -46.527   -999.900   -999.900      0.252      0.000    -46.000    -46.000    -46.293    -46.543   -999.900   -999.900
    -48.000    -48.112    -48.213   -999.900   -999.900      0.101      0.000    -48.000    -48.000    -48.139    -48.236   -999.900   -999.900
    -50.000    -49.990    -50.120   -999.900   -999.900      0.130      0.000    -50.000    -50.000    -50.032    -50.156   -999.900   -999.900
    -52.000    -51.889    -52.138   -999.900   -999.900      0.249      0.000    -52.000    -52.000    -51.954    -52.195   -999.900   -999.900
    -54.000    -53.791    -54.112   -999.900   -999.900      0.321      0.000    -54.000    -54.000    -53.892    -54.203   -999.900   -999.900
    -56.000    -55.705    -56.078   -999.900   -999.900      0.373      0.000    -56.000    -56.000    -55.862    -56.221   -999.900   -999.900
    -58.000    -57.610    -58.000   -999.900   -999.900      0.390      0.000    -58.000    -58.000    -57.856    -58.225   -999.900   -999.900
    -60.000    -59.479    -59.910   -999.900   -999.900      0.431      0.000    -60.000    -60.000    -59.864    -60.265   -999.900   -999.900
    -62.000    -61.394    -61.832   -999.900   -999.900      0.438      0.000    -62.000    -62.000    -62.008    -62.398   -999.900   -999.900
    -64.000    -63.188    -63.639   -999.900   -999.900      0.451      0.000    -64.000    -64.000    -64.153    -64.529   -999.900   -999.900
    -66.000    -65.010    -65.487   -999.900   -999.900      0.477      0.000    -66.000    -66.000    -66.579    -66.934   -999.900   -999.900
    -68.000    -66.694    -67.280   -999.900   -999.900      0.586      0.000    -68.000    -68.000    -69.265    -69.708   -999.900   -999.900
    -70.000    -68.240    -68.750   -999.900   -999.900      0.510      0.000    -70.000    -70.000    -72.651    -72.738   -999.900   -999.900
    -72.000    -69.690    -70.500   -999.900   -999.900      0.810      0.000    -72.000    -72.000    -79.305    -80.456   -999.900   -999.900
    -74.000    -70.820    -71.653   -999.900   -999.900      0.833      0.000    -74.000    -74.000    -79.305    -80.456   -999.900   -999.900
    -76.000    -70.892    -71.814   -999.900   -999.900      0.922      0.000    -76.000    -76.000    -79.305    -80.456   -999.900   -999.900
    -78.000    -70.816    -71.688   -999.900   -999.900      0.872      0.000    -78.000    -78.000    -79.305    -80.456   -999.900   -999.900
    -80.000    -70.821    -71.616   -999.900   -999.900      0.795      0.000    -80.000    -80.000    -79.305    -80.456   -999.900   -999.900
    -82.000    -70.841    -71.710   -999.900   -999.900      0.869      0.000    -82.000    -82.000    -79.305    -80.456   -999.900   -999.900
