     14.000     12.839     12.867   -999.900   -999.900     -0.029      0.000     14.000     14.000     12.839     12.867   -999.900   -999.900
     12.000     11.605     11.687   -999.900   -999.900     -0.082      0.000     12.000     12.000     11.605     11.687   -999.900   -999.900
     10.000      9.607      9.694   -999.900   -999.900     -0.086      0.000     10.000     10.000      9.607      9.694   -999.900   -999.900
      8.000      7.602      7.690   -999.900   -999.900     -0.088      0.000      8.000      8.000      7.602      7.690   -999.900   -999.900
      6.000      5.592      5.680   -999.900   -999.900     -0.088      0.000      6.000      6.000      5.592      5.680   -999.900   -999.900
      4.000      3.580      3.667   -999.900   -999.900     -0.087      0.000      4.000      4.000      3.580      3.667   -999.900   -999.900
      2.000      1.568      1.656   -999.900   -999.900     -0.088      0.000      2.000      2.000      1.568      1.656   -999.900   -999.900
      0.000     -0.446     -0.351   -999.900   -999.900     -0.094      0.000      0.000      0.000     -0.446     -0.351   -999.900   -999.900
     -2.000     -2.461     -2.364   -999.900   -999.900     -0.097      0.000     -2.000     -2.000     -2.461     -2.364   -999.900   -999.900
     -4.000     -4.469     -4.372   -999.900   -999.900     -0.097      0.000     -4.000     -4.000     -4.469     -4.372   -999.900   -999.900
     -6.000     -6.461     -6.369   -999.900   -999.900     -0.092      0.000     -6.000     -6.000     -6.461     -6.369   -999.900   -999.900
     -8.000     -8.460     -8.363   -999.900   -999.900     -0.097      0.000     -8.000     -8.000     -8.460     -8.363   -999.900   -999.900
    -10.000    -10.469    -10.369   -999.900   -999.900     -0.100      0.000    -10.000    -10.000    -10.469    -10.369   -999.900   -999.900
    -12.000    -12.494    -12.392   -999.900   -999.900     -0.101      0.000    -12.000    -12.000    -12.494    -12.392   -999.900   -999.900
    -14.000    -14.509    -14.406   -999.900   -999.900     -0.103      0.000    -14.000    -14.000    -14.509    -14.406   -999.900   -999.900
    -16.000    -16.522    -16.413   -999.900   -999.900     -0.109      0.000    -16.000    -16.000    -16.522    -16.413   -999.900   -999.900
    -18.000    -18.551    -18.418   -999.900   -999.900     -0.133      0.000    -18.000    -18.000    -18.551    -18.418   -999.900   -999.900
    -20.000    -20.589    -20.451   -999.900   -999.900     -0.138      0.000    -20.000    -20.000    -20.589    -20.451   -999.900   -999.900
    -22.000    -22.629    -22.475   -999.900   -999.900     -0.153      0.000    -22.000    -22.000    -22.629    -22.475   -999.900   -999.900
    -24.000    -24.674    -24.486   -999.900   -999.900     -0.188      0.000    -24.000    -24.000    -24.674    -24.486   -999.900   -999.900
    -26.000    -26.717    -26.474   -999.900   -999.900     -0.242      0.000    -26.000    -26.000    -26.717    -26.474   -999.900   -999.900
    -28.000    -28.771    -28.470   -999.900   -999.900     -0.301      0.000    -28.000    -28.000    -28.771    -28.470   -999.900   -999.900
    -30.000    -30.850    -30.481   -999.900   -999.900     -0.369      0.000    -30.000    -30.000    -30.850    -30.481   -999.900   -999.900
    -32.000    -32.952    -32.543   -999.900   -999.900     -0.409      0.000    -32.000    -32.000    -32.953    -32.543   -999.900   -999.900
    -34.000    -34.972    -34.600   -999.900   -999.900     -0.372      0.000    -34.000    -34.000    -34.973    -34.601   -999.900   -999.900
    -36.000    -37.081    -36.692   -999.900   -999.900     -0.389      0.000    -36.000    -36.000    -37.083    -36.693   -999.900   -999.900
    -38.000    -38.806    -38.751   -999.900   -999.900     -0.055      0.000    -38.000    -38.000    -38.808    -38.752   -999.900   -999.900
    -40.000    -40.776    -40.759   -999.900   -999.900     -0.017      0.000    -40.000    -40.000    -40.779    -40.762   -999.900   -999.900
    -42.000    -42.767    -42.744   -999.900   -999.900     -0.023      0.000    -42.000    -42.000    -42.771    -42.748   -999.900   -999.900
    -44.000    -44.821    -44.833   -999.900   -999.900      0.012      0.000    -44.000    -44.000    -44.828    -44.840   -999.900   -999.900
    -46.000    -46.792    -46.901   -999.900   -999.900      0.109      0.000    -46.000    -46.000    -46.803    -46.913   -999.900   -999.900
    -48.000    -48.562    -48.729   -999.900   -999.900      0.167      0.000    -48.000    -48.000    -48.579    -48.746   -999.900   -999.900
    -50.000    -50.459    -50.663   -999.900   -999.900      0.205      0.000    -50.000    -50.000    -50.484    -50.690   -999.900   -999.900
    -52.000    -52.494    -52.676   -999.900   -999.900      0.182      0.000    -52.000    -52.000    -52.535    -52.718   -999.900   -999.900
    -54.000    -54.560    -54.671   -999.900   -999.900      0.111      0.000    -54.000    -54.000    -54.626    -54.738   -999.900   -999.900
    -56.000    -56.625    -56.630   -999.900   -999.900      0.004      0.000    -56.000    -56.000    -56.732    -56.736   -999.900   -999.900
    -58.000    -58.672    -58.546   -999.900   -999.900     -0.126      0.000    -58.000    -58.000    -58.844    -58.712   -999.900   -999.900
    -60.000    -60.680    -60.446   -999.900   -999.900     -0.234      0.000    -60.000    -60.000    -60.958    -60.706   -999.900   -999.900
    -62.000    -62.654    -62.309   -999.900   -999.900     -0.345      0.000    -62.000    -62.000    -63.098    -62.714   -999.900   -999.900
    -64.000    -64.548    -64.148   -999.900   -999.900     -0.400      0.000    -64.000    -64.000    -65.257    -64.784   -999.900   -999.900
    -66.000    -66.319    -65.951   -999.900   -999.900     -0.368      0.000    -66.000    -66.000    -67.434    -66.954   -999.900   -999.900
    -68.000    -68.027    -67.669   -999.900   -999.900     -0.358      0.000    -68.000    -68.000    -69.802    -69.258   -999.900   -999.900
    -70.000    -69.570    -69.271   -999.900   -999.900     -0.299      0.000    -70.000    -70.000    -72.397    -71.813   -999.900   -999.900
    -72.000    -70.973    -70.715   -999.900   -999.900     -0.258      0.000    -72.000    -72.000    -75.670    -74.894   -999.900   -999.900
    -74.000    -72.097    -72.035   -999.900   -999.900     -0.062      0.000    -74.000    -74.000    -80.523    -79.927   -999.900   -999.900
    -76.000    -75.309    -75.976   -999.900   -999.900      0.667      0.000    -76.000    -76.000    -80.523    -79.927   -999.900   -999.900
    -78.000    -75.307    -75.969   -999.900   -999.900      0.662      0.000    -78.000    -78.000    -80.523    -79.927   -999.900   -999.900
    -80.000    -75.292    -75.960   -999.900   -999.900      0.668      0.000    -80.000    -80.000    -80.523    -79.927   -999.900   -999.900
    -82.000    -75.333    -75.966   -999.900   -999.900      0.633      0.000    -82.000    -82.000    -80.523    -79.927   -999.900   -999.900
