     16.000     13.583     13.607   -999.900   -999.900     -0.024      0.000     16.000     16.000     13.583     13.607   -999.900   -999.900
     14.000     13.025     13.066   -999.900   -999.900     -0.041      0.000     14.000     14.000     13.025     13.066   -999.900   -999.900
     12.000     11.906     12.019   -999.900   -999.900     -0.113      0.000     12.000     12.000     11.906     12.019   -999.900   -999.900
     10.000      9.889     10.006   -999.900   -999.900     -0.117      0.000     10.000     10.000      9.889     10.006   -999.900   -999.900
      8.000      7.872      7.992   -999.900   -999.900     -0.120      0.000      8.000      8.000      7.872      7.992   -999.900   -999.900
      6.000      5.860      5.982   -999.900   -999.900     -0.122      0.000      6.000      6.000      5.860      5.982   -999.900   -999.900
      4.000      3.914      4.015   -999.900   -999.900     -0.101      0.000      4.000      4.000      3.914      4.015   -999.900   -999.900
      2.000      1.898      2.000   -999.900   -999.900     -0.102      0.000      2.000      2.000      1.898      2.000   -999.900   -999.900
      0.000     -0.104     -0.002   -999.900   -999.900     -0.102      0.000      0.000      0.000     -0.104     -0.002   -999.900   -999.900
     -2.000     -2.105     -2.000   -999.900   -999.900     -0.105      0.000     -2.000     -2.000     -2.105     -2.000   -999.900   -999.900
     -4.000     -4.102     -3.998   -999.900   -999.900     -0.104      0.000     -4.000     -4.000     -4.102     -3.998   -999.900   -999.900
     -6.000     -6.074     -5.980   -999.900   -999.900     -0.094      0.000     -6.000     -6.000     -6.074     -5.980   -999.900   -999.900
     -8.000     -8.088     -7.993   -999.900   -999.900     -0.095      0.000     -8.000     -8.000     -8.088     -7.993   -999.900   -999.900
    -10.000    -10.100    -10.005   -999.900   -999.900     -0.095      0.000    -10.000    -10.000    -10.100    -10.005   -999.900   -999.900
    -12.000    -12.108    -12.013   -999.900   -999.900     -0.095      0.000    -12.000    -12.000    -12.108    -12.013   -999.900   -999.900
    -14.000    -14.108    -14.015   -999.900   -999.900     -0.093      0.000    -14.000    -14.000    -14.108    -14.015   -999.900   -999.900
    -16.000    -16.116    -16.026   -999.900   -999.900     -0.090      0.000    -16.000    -16.000    -16.116    -16.026   -999.900   -999.900
    -18.000    -18.157    -18.054   -999.900   -999.900     -0.103      0.000    -18.000    -18.000    -18.157    -18.054   -999.900   -999.900
    -20.000    -20.181    -20.077   -999.900   -999.900     -0.104      0.000    -20.000    -20.000    -20.181    -20.077   -999.900   -999.900
    -22.000    -22.199    -22.098   -999.900   -999.900     -0.101      0.000    -22.000    -22.000    -22.199    -22.098   -999.900   -999.900
    -24.000    -24.217    -24.099   -999.900   -999.900     -0.118      0.000    -24.000    -24.000    -24.217    -24.099   -999.900   -999.900
    -26.000    -26.246    -26.083   -999.900   -999.900     -0.163      0.000    -26.000    -26.000    -26.246    -26.083   -999.900   -999.900
    -28.000    -28.293    -28.076   -999.900   -999.900     -0.217      0.000    -28.000    -28.000    -28.293    -28.076   -999.900   -999.900
    -30.000    -30.347    -30.087   -999.900   -999.900     -0.260      0.000    -30.000    -30.000    -30.347    -30.087   -999.900   -999.900
    -32.000    -32.393    -32.096   -999.900   -999.900     -0.297      0.000    -32.000    -32.000    -32.394    -32.096   -999.900   -999.900
    -34.000    -34.415    -34.083   -999.900   -999.900     -0.332      0.000    -34.000    -34.000    -34.416    -34.084   -999.900   -999.900
    -36.000    -36.368    -36.072   -999.900   -999.900     -0.296      0.000    -36.000    -36.000    -36.370    -36.073   -999.900   -999.900
    -38.000    -38.288    -38.061   -999.900   -999.900     -0.227      0.000    -38.000    -38.000    -38.290    -38.063   -999.900   -999.900
    -40.000    -40.262    -40.176   -999.900   -999.900     -0.086      0.000    -40.000    -40.000    -40.266    -40.179   -999.900   -999.900
    -42.000    -42.251    -42.191   -999.900   -999.900     -0.060      0.000    -42.000    -42.000    -42.257    -42.196   -999.900   -999.900
    -44.000    -44.212    -44.091   -999.900   -999.900     -0.121      0.000    -44.000    -44.000    -44.222    -44.098   -999.900   -999.900
    -46.000    -46.082    -45.995   -999.900   -999.900     -0.087      0.000    -46.000    -46.000    -46.097    -46.007   -999.900   -999.900
    -48.000    -47.917    -47.915   -999.900   -999.900     -0.002      0.000    -48.000    -48.000    -47.940    -47.933   -999.900   -999.900
    -50.000    -49.729    -49.825   -999.900   -999.900      0.096      0.000    -50.000    -50.000    -49.764    -49.853   -999.900   -999.900
    -52.000    -51.538    -51.750   -999.900   -999.900      0.212      0.000    -52.000    -52.000    -51.590    -51.793   -999.900   -999.900
    -54.000    -53.369    -53.707   -999.900   -999.900      0.338      0.000    -54.000    -54.000    -53.449    -53.775   -999.900   -999.900
    -56.000    -55.249    -55.704   -999.900   -999.900      0.455      0.000    -56.000    -56.000    -55.373    -55.813   -999.900   -999.900
    -58.000    -57.185    -57.752   -999.900   -999.900      0.567      0.000    -58.000    -58.000    -57.381    -57.928   -999.900   -999.900
    -60.000    -59.086    -59.682   -999.900   -999.900      0.596      0.000    -60.000    -60.000    -59.393    -59.959   -999.900   -999.900
    -62.000    -60.861    -61.689   -999.900   -999.900      0.828      0.000    -62.000    -62.000    -61.332    -62.138   -999.900   -999.900
    -64.000    -62.792    -63.513   -999.900   -999.900      0.721      0.000    -64.000    -64.000    -63.550    -64.216   -999.900   -999.900
    -66.000    -64.533    -65.266   -999.900   -999.900      0.733      0.000    -66.000    -66.000    -65.720    -66.366   -999.900   -999.900
    -68.000    -66.110    -66.901   -999.900   -999.900      0.791      0.000    -68.000    -68.000    -67.940    -68.615   -999.900   -999.900
    -70.000    -67.551    -68.227   -999.900   -999.900      0.676      0.000    -70.000    -70.000    -70.384    -70.765   -999.900   -999.900
    -72.000    -68.705    -69.539   -999.900   -999.900      0.834      0.000    -72.000    -72.000    -72.966    -73.503   -999.900   -999.900
    -74.000    -69.667    -70.600   -999.900   -999.900      0.933      0.000    -74.000    -74.000    -76.244    -76.875   -999.900   -999.900
    -76.000    -70.404    -71.344   -999.900   -999.900      0.940      0.000    -76.000    -76.000    -81.616    -81.661   -999.900   -999.900
    -78.000    -70.881    -71.941   -999.900   -999.900      1.060      0.000    -78.000    -78.000    -81.616    -81.661   -999.900   -999.900
    -80.000    -71.193    -72.308   -999.900   -999.900      1.115      0.000    -80.000    -80.000    -81.616    -81.661   -999.900   -999.900
    -82.000    -71.450    -72.569   -999.900   -999.900      1.119      0.000    -82.000    -82.000    -81.616    -81.661   -999.900   -999.900
    -84.000    -71.665    -72.661   -999.900   -999.900      0.996      0.000    -84.000    -84.000    -81.616    -81.661   -999.900   -999.900
    -86.000    -71.726    -72.893   -999.900   -999.900      1.167      0.000    -86.000    -86.000    -81.616    -81.661   -999.900   -999.900
    -88.000    -71.771    -73.049   -999.900   -999.900      1.278      0.000    -88.000    -88.000    -81.616    -81.661   -999.900   -999.900
    -90.000    -71.863    -73.039   -999.900   -999.900      1.176      0.000    -90.000    -90.000    -81.616    -81.661   -999.900   -999.900
    -92.000    -71.884    -73.163   -999.900   -999.900      1.279      0.000    -92.000    -92.000    -81.616    -81.661   -999.900   -999.900
    -94.000    -71.909    -73.146   -999.900   -999.900      1.237      0.000    -94.000    -94.000    -81.616    -81.661   -999.900   -999.900
    -96.000    -71.948    -73.147   -999.900   -999.900      1.199      0.000    -96.000    -96.000    -81.616    -81.661   -999.900   -999.900
    -98.000    -71.907    -73.162   -999.900   -999.900      1.255      0.000    -98.000    -98.000    -81.616    -81.661   -999.900   -999.900
