     16.000    -59.601     13.600   -999.900   -999.900    -73.201      0.000     16.000     16.000    -60.049     13.600   -999.900   -999.900
     14.000    -61.056     13.055   -999.900   -999.900    -74.111      0.000     14.000     14.000    -61.696     13.055   -999.900   -999.900
     12.000    -67.712     11.992   -999.900   -999.900    -79.703      0.000     12.000     12.000    -72.080     11.992   -999.900   -999.900
     10.000    -68.257      9.979   -999.900   -999.900    -78.236      0.000     10.000     10.000    -73.770      9.979   -999.900   -999.900
      8.000    -68.625      7.964   -999.900   -999.900    -76.589      0.000      8.000      8.000    -75.254      7.964   -999.900   -999.900
      6.000    -68.141      5.953   -999.900   -999.900    -74.094      0.000      6.000      6.000    -73.371      5.953   -999.900   -999.900
      4.000    -68.274      3.995   -999.900   -999.900    -72.269      0.000      4.000      4.000    -73.833      3.995   -999.900   -999.900
      2.000    -68.193      1.979   -999.900   -999.900    -70.172      0.000      2.000      2.000    -73.546      1.979   -999.900   -999.900
      0.000    -68.293     -0.024   -999.900   -999.900    -68.269      0.000      0.000      0.000    -73.901     -0.024   -999.900   -999.900
     -2.000    -67.898     -2.023   -999.900   -999.900    -65.875      0.000     -2.000     -2.000    -72.611     -2.023   -999.900   -999.900
     -4.000    -67.755     -4.018   -999.900   -999.900    -63.737      0.000     -4.000     -4.000    -72.198     -4.018   -999.900   -999.900
     -6.000    -68.402     -6.000   -999.900   -999.900    -62.403      0.000     -6.000     -6.000    -74.313     -6.000   -999.900   -999.900
     -8.000    -68.044     -8.016   -999.900   -999.900    -60.028      0.000     -8.000     -8.000    -73.057     -8.016   -999.900   -999.900
    -10.000    -67.971    -10.027   -999.900   -999.900    -57.945      0.000    -10.000    -10.000    -72.829    -10.027   -999.900   -999.900
    -12.000    -68.202    -12.028   -999.900   -999.900    -56.174      0.000    -12.000    -12.000    -73.577    -12.028   -999.900   -999.900
    -14.000    -67.998    -14.029   -999.900   -999.900    -53.969      0.000    -14.000    -14.000    -72.912    -14.029   -999.900   -999.900
    -16.000    -67.732    -16.035   -999.900   -999.900    -51.697      0.000    -16.000    -16.000    -72.135    -16.035   -999.900   -999.900
    -18.000    -67.161    -18.064   -999.900   -999.900    -49.097      0.000    -18.000    -18.000    -70.713    -18.064   -999.900   -999.900
    -20.000    -66.688    -20.090   -999.900   -999.900    -46.598      0.000    -20.000    -20.000    -69.707    -20.090   -999.900   -999.900
    -22.000    -66.585    -22.104   -999.900   -999.900    -44.481      0.000    -22.000    -22.000    -69.502    -22.104   -999.900   -999.900
    -24.000    -66.763    -24.123   -999.900   -999.900    -42.640      0.000    -24.000    -24.000    -69.859    -24.123   -999.900   -999.900
    -26.000    -66.967    -26.142   -999.900   -999.900    -40.824      0.000    -26.000    -26.000    -70.285    -26.142   -999.900   -999.900
    -28.000    -66.857    -28.183   -999.900   -999.900    -38.674      0.000    -28.000    -28.000    -70.053    -28.183   -999.900   -999.900
    -30.000    -66.597    -30.231   -999.900   -999.900    -36.366      0.000    -30.000    -30.000    -69.526    -30.231   -999.900   -999.900
    -32.000    -66.228    -32.277   -999.900   -999.900    -33.951      0.000    -32.000    -32.000    -68.829    -32.277   -999.900   -999.900
    -34.000    -66.500    -34.289   -999.900   -999.900    -32.211      0.000    -34.000    -34.000    -69.339    -34.290   -999.900   -999.900
    -36.000    -66.050    -36.334   -999.900   -999.900    -29.715      0.000    -36.000    -36.000    -68.511    -36.336   -999.900   -999.900
    -38.000    -66.051    -38.378   -999.900   -999.900    -27.673      0.000    -38.000    -38.000    -68.513    -38.381   -999.900   -999.900
    -40.000    -67.806    -40.188   -999.900   -999.900    -27.618      0.000    -40.000    -40.000    -72.342    -40.192   -999.900   -999.900
    -42.000    -69.452    -41.954   -999.900   -999.900    -27.498      0.000    -42.000    -42.000    -82.196    -41.960   -999.900   -999.900
    -44.000    -69.428    -43.901   -999.900   -999.900    -25.527      0.000    -44.000    -44.000    -81.767    -43.909   -999.900   -999.900
    -46.000    -69.363    -45.889   -999.900   -999.900    -23.474      0.000    -46.000    -46.000    -80.766    -45.903   -999.900   -999.900
    -48.000    -69.453    -48.017   -999.900   -999.900    -21.436      0.000    -48.000    -48.000    -82.213    -48.040   -999.900   -999.900
    -50.000    -69.358    -50.102   -999.900   -999.900    -19.256      0.000    -50.000    -50.000    -80.693    -50.138   -999.900   -999.900
    -52.000    -69.402    -52.052   -999.900   -999.900    -17.350      0.000    -52.000    -52.000    -81.344    -52.110   -999.900   -999.900
    -54.000    -69.451    -53.990   -999.900   -999.900    -15.461      0.000    -54.000    -54.000    -82.169    -54.080   -999.900   -999.900
    -56.000    -69.395    -55.900   -999.900   -999.900    -13.495      0.000    -56.000    -56.000    -81.233    -56.041   -999.900   -999.900
    -58.000    -69.388    -57.753   -999.900   -999.900    -11.635      0.000    -58.000    -58.000    -81.130    -57.971   -999.900   -999.900
    -60.000    -69.416    -59.543   -999.900   -999.900     -9.873      0.000    -60.000    -60.000    -81.572    -59.876   -999.900   -999.900
    -62.000    -69.473    -61.295   -999.900   -999.900     -8.179      0.000    -62.000    -62.000    -82.614    -61.803   -999.900   -999.900
    -64.000    -69.546    -62.993   -999.900   -999.900     -6.554      0.000    -64.000    -64.000    -84.448    -63.767   -999.900   -999.900
    -66.000    -69.575    -64.610   -999.900   -999.900     -4.966      0.000    -66.000    -66.000    -85.447    -65.784   -999.900   -999.900
    -68.000    -69.614    -66.140   -999.900   -999.900     -3.474      0.000    -68.000    -68.000    -87.267    -67.925   -999.900   -999.900
    -70.000    -69.639    -67.525   -999.900   -999.900     -2.115      0.000    -70.000    -70.000    -89.074    -70.230   -999.900   -999.900
    -72.000    -69.637    -68.715   -999.900   -999.900     -0.923      0.000    -72.000    -72.000    -88.883    -72.800   -999.900   -999.900
    -74.000    -69.671    -69.667   -999.900   -999.900     -0.005      0.000    -74.000    -74.000    -93.534    -75.848   -999.900   -999.900
    -76.000    -69.689    -70.422   -999.900   -999.900      0.733      0.000    -76.000    -76.000    -93.534    -80.567   -999.900   -999.900
    -78.000    -69.697    -70.992   -999.900   -999.900      1.295      0.000    -78.000    -78.000    -93.534    -80.567   -999.900   -999.900
    -80.000    -69.710    -71.382   -999.900   -999.900      1.672      0.000    -80.000    -80.000    -93.534    -80.567   -999.900   -999.900
    -82.000    -69.703    -71.641   -999.900   -999.900      1.939      0.000    -82.000    -82.000    -93.534    -80.567   -999.900   -999.900
    -84.000    -69.660    -71.823   -999.900   -999.900      2.163      0.000    -84.000    -84.000    -93.534    -80.567   -999.900   -999.900
    -86.000    -69.693    -71.933   -999.900   -999.900      2.240      0.000    -86.000    -86.000    -93.534    -80.567   -999.900   -999.900
    -88.000    -69.698    -72.017   -999.900   -999.900      2.319      0.000    -88.000    -88.000    -93.534    -80.567   -999.900   -999.900
    -90.000    -69.705    -72.095   -999.900   -999.900      2.390      0.000    -90.000    -90.000    -93.534    -80.567   -999.900   -999.900
    -92.000    -69.706    -72.116   -999.900   -999.900      2.410      0.000    -92.000    -92.000    -93.534    -80.567   -999.900   -999.900
    -94.000    -69.704    -72.152   -999.900   -999.900      2.448      0.000    -94.000    -94.000    -93.534    -80.567   -999.900   -999.900
    -96.000    -69.710    -72.152   -999.900   -999.900      2.441      0.000    -96.000    -96.000    -93.534    -80.567   -999.900   -999.900
    -98.000    -69.715    -72.146   -999.900   -999.900      2.431      0.000    -98.000    -98.000    -93.534    -80.567   -999.900   -999.900
