     12.000     12.166     12.167      0.000      0.000     -0.001      0.000     12.000     12.000     12.166     12.167      0.000      0.000
      7.000      7.241      7.238      0.000      0.000      0.003      0.000      7.000      7.000      7.241      7.238      0.000      0.000
      2.000      2.214      2.206      0.000      0.000      0.008      0.000      2.000      2.000      2.214      2.206      0.000      0.000
     -3.000     -2.816     -2.819      0.000      0.000      0.003      0.000     -3.000     -3.000     -2.816     -2.819      0.000      0.000
     -8.000     -7.811     -7.806      0.000      0.000     -0.005      0.000     -8.000     -8.000     -7.811     -7.806      0.000      0.000
    -13.000    -12.838    -12.837      0.000      0.000     -0.001      0.000    -13.000    -13.000    -12.838    -12.837      0.000      0.000
    -18.000    -17.866    -17.872      0.000      0.000      0.006      0.000    -18.000    -18.000    -17.866    -17.872      0.000      0.000
    -23.000    -22.951    -22.960      0.000      0.000      0.009      0.000    -23.000    -23.000    -22.951    -22.960      0.000      0.000
    -28.000    -28.070    -28.056      0.000      0.000     -0.014      0.000    -28.000    -28.000    -28.070    -28.057      0.000      0.000
    -33.000    -33.322    -33.108      0.000      0.000     -0.214      0.000    -33.000    -33.000    -33.324    -33.112      0.000      0.000
    -38.000    -38.559    -38.122      0.000      0.000     -0.437      0.000    -38.000    -38.000    -38.565    -38.136      0.000      0.000
    -43.000    -44.100    -43.096      0.000      0.000     -1.004      0.000    -43.000    -43.000    -44.120    -43.141      0.000      0.000
    -48.000    -49.911    -47.915      0.000      0.000     -1.996      0.000    -48.000    -48.000    -49.987    -48.052      0.000      0.000
    -53.000    -55.434    -52.577      0.000      0.000     -2.857      0.000    -53.000    -53.000    -55.711    -52.990      0.000      0.000
    -58.000    -59.908    -57.079      0.000      0.000     -2.829      0.000    -58.000    -58.000    -60.733    -58.363      0.000      0.000
    -63.000    -63.908    -60.723      0.000      0.000     -3.185      0.000    -63.000    -63.000    -66.384    -64.622      0.000      0.000
    -68.000    -67.520    -63.025      0.000      0.000     -4.495      0.000    -68.000    -68.000    -95.221    -64.622      0.000      0.000
    -73.000    -67.470    -63.011      0.000      0.000     -4.459      0.000    -73.000    -73.000    -86.289    -64.622      0.000      0.000
    -78.000    -67.493    -62.988      0.000      0.000     -4.505      0.000    -78.000    -78.000    -88.525    -64.622      0.000      0.000
    -83.000    -67.529    -63.018      0.000      0.000     -4.511      0.000    -83.000    -83.000    -88.525    -64.622      0.000      0.000
    -88.000    -67.619    -62.967      0.000      0.000     -4.652      0.000    -88.000    -88.000    -88.525    -64.622      0.000      0.000
