     10.000      9.864      9.941   -999.900   -999.900     -0.077      0.000     10.000     10.000      9.864      9.941   -999.900   -999.900
      8.000      7.858      7.929   -999.900   -999.900     -0.071      0.000      8.000      8.000      7.858      7.929   -999.900   -999.900
      6.000      5.849      5.916   -999.900   -999.900     -0.066      0.000      6.000      6.000      5.849      5.916   -999.900   -999.900
      4.000      3.835      3.899   -999.900   -999.900     -0.064      0.000      4.000      4.000      3.835      3.899   -999.900   -999.900
      2.000      1.827      1.889   -999.900   -999.900     -0.061      0.000      2.000      2.000      1.827      1.889   -999.900   -999.900
      0.000     -0.100     -0.034   -999.900   -999.900     -0.066      0.000      0.000      0.000     -0.100     -0.034   -999.900   -999.900
     -2.000     -2.113     -2.047   -999.900   -999.900     -0.067      0.000     -2.000     -2.000     -2.113     -2.047   -999.900   -999.900
     -4.000     -4.120     -4.055   -999.900   -999.900     -0.065      0.000     -4.000     -4.000     -4.120     -4.055   -999.900   -999.900
     -6.000     -6.115     -6.045   -999.900   -999.900     -0.070      0.000     -6.000     -6.000     -6.115     -6.045   -999.900   -999.900
     -8.000     -8.110     -8.039   -999.900   -999.900     -0.072      0.000     -8.000     -8.000     -8.110     -8.039   -999.900   -999.900
    -10.000    -10.099    -10.029   -999.900   -999.900     -0.070      0.000    -10.000    -10.000    -10.099    -10.029   -999.900   -999.900
    -12.000    -12.116    -12.060   -999.900   -999.900     -0.057      0.000    -12.000    -12.000    -12.116    -12.060   -999.900   -999.900
    -14.000    -14.123    -14.076   -999.900   -999.900     -0.047      0.000    -14.000    -14.000    -14.123    -14.076   -999.900   -999.900
    -16.000    -16.127    -16.084   -999.900   -999.900     -0.042      0.000    -16.000    -16.000    -16.127    -16.084   -999.900   -999.900
    -18.000    -18.132    -18.097   -999.900   -999.900     -0.035      0.000    -18.000    -18.000    -18.132    -18.097   -999.900   -999.900
    -20.000    -20.138    -20.124   -999.900   -999.900     -0.014      0.000    -20.000    -20.000    -20.138    -20.124   -999.900   -999.900
    -22.000    -22.167    -22.169   -999.900   -999.900      0.002      0.000    -22.000    -22.000    -22.168    -22.169   -999.900   -999.900
    -24.000    -24.185    -24.201   -999.900   -999.900      0.016      0.000    -24.000    -24.000    -24.185    -24.201   -999.900   -999.900
    -26.000    -26.190    -26.253   -999.900   -999.900      0.063      0.000    -26.000    -26.000    -26.190    -26.253   -999.900   -999.900
    -28.000    -28.212    -28.298   -999.900   -999.900      0.086      0.000    -28.000    -28.000    -28.213    -28.298   -999.900   -999.900
    -30.000    -30.259    -30.379   -999.900   -999.900      0.120      0.000    -30.000    -30.000    -30.259    -30.379   -999.900   -999.900
    -32.000    -32.319    -32.486   -999.900   -999.900      0.167      0.000    -32.000    -32.000    -32.319    -32.487   -999.900   -999.900
    -34.000    -34.315    -34.614   -999.900   -999.900      0.298      0.000    -34.000    -34.000    -34.317    -34.614   -999.900   -999.900
    -36.000    -36.368    -36.669   -999.900   -999.900      0.301      0.000    -36.000    -36.000    -36.370    -36.670   -999.900   -999.900
    -38.000    -38.385    -38.835   -999.900   -999.900      0.450      0.000    -38.000    -38.000    -38.388    -38.837   -999.900   -999.900
    -40.000    -40.236    -41.034   -999.900   -999.900      0.799      0.000    -40.000    -40.000    -40.240    -41.038   -999.900   -999.900
    -42.000    -42.156    -43.045   -999.900   -999.900      0.889      0.000    -42.000    -42.000    -42.162    -43.051   -999.900   -999.900
    -44.000    -44.151    -44.952   -999.900   -999.900      0.801      0.000    -44.000    -44.000    -44.162    -44.962   -999.900   -999.900
    -46.000    -46.005    -46.577   -999.900   -999.900      0.572      0.000    -46.000    -46.000    -46.022    -46.592   -999.900   -999.900
    -48.000    -47.885    -48.085   -999.900   -999.900      0.199      0.000    -48.000    -48.000    -47.912    -48.105   -999.900   -999.900
    -50.000    -49.825    -49.911   -999.900   -999.900      0.086      0.000    -50.000    -50.000    -49.866    -49.942   -999.900   -999.900
    -52.000    -51.831    -51.964   -999.900   -999.900      0.133      0.000    -52.000    -52.000    -51.896    -52.014   -999.900   -999.900
    -54.000    -53.823    -54.041   -999.900   -999.900      0.218      0.000    -54.000    -54.000    -53.926    -54.121   -999.900   -999.900
    -56.000    -55.811    -56.086   -999.900   -999.900      0.275      0.000    -56.000    -56.000    -55.975    -56.216   -999.900   -999.900
    -58.000    -57.777    -58.143   -999.900   -999.900      0.366      0.000    -58.000    -58.000    -58.038    -58.354   -999.900   -999.900
    -60.000    -59.669    -60.137   -999.900   -999.900      0.468      0.000    -60.000    -60.000    -60.079    -60.476   -999.900   -999.900
    -62.000    -61.508    -62.058   -999.900   -999.900      0.549      0.000    -62.000    -62.000    -62.151    -62.597   -999.900   -999.900
    -64.000    -63.280    -63.921   -999.900   -999.900      0.640      0.000    -64.000    -64.000    -64.287    -64.779   -999.900   -999.900
    -66.000    -64.868    -65.578   -999.900   -999.900      0.710      0.000    -66.000    -66.000    -66.405    -66.901   -999.900   -999.900
    -68.000    -66.302    -67.069   -999.900   -999.900      0.767      0.000    -68.000    -68.000    -68.630    -69.078   -999.900   -999.900
    -70.000    -67.622    -68.557   -999.900   -999.900      0.934      0.000    -70.000    -70.000    -71.210    -71.757   -999.900   -999.900
    -72.000    -68.673    -69.693   -999.900   -999.900      1.020      0.000    -72.000    -72.000    -74.143    -74.606   -999.900   -999.900
    -74.000    -69.521    -70.607   -999.900   -999.900      1.086      0.000    -74.000    -74.000    -78.402    -78.459   -999.900   -999.900
    -76.000    -70.160    -71.443   -999.900   -999.900      1.283      0.000    -76.000    -76.000    -78.402    -78.459   -999.900   -999.900
    -78.000    -70.609    -71.941   -999.900   -999.900      1.332      0.000    -78.000    -78.000    -78.402    -78.459   -999.900   -999.900
    -80.000    -70.919    -72.348   -999.900   -999.900      1.429      0.000    -80.000    -80.000    -78.402    -78.459   -999.900   -999.900
    -82.000    -71.161    -72.661   -999.900   -999.900      1.500      0.000    -82.000    -82.000    -78.402    -78.459   -999.900   -999.900
    -84.000    -71.545    -73.154   -999.900   -999.900      1.609      0.000    -84.000    -84.000    -78.402    -78.459   -999.900   -999.900
    -86.000    -71.503    -73.107   -999.900   -999.900      1.604      0.000    -86.000    -86.000    -78.402    -78.459   -999.900   -999.900
    -88.000    -71.529    -73.195   -999.900   -999.900      1.666      0.000    -88.000    -88.000    -78.402    -78.459   -999.900   -999.900
