    -34.770    -59.799      4.910   -999.900   -999.900    -64.709      0.000    -34.770    -34.770    -71.204      4.910   -999.900   -999.900
    -39.770    -60.040      0.287   -999.900   -999.900    -60.327      0.000    -39.770    -39.770    -77.166      0.287   -999.900   -999.900
    -44.770    -60.062     -4.402   -999.900   -999.900    -55.660      0.000    -44.770    -44.770    -78.476     -4.402   -999.900   -999.900
    -49.770    -60.062     -9.303   -999.900   -999.900    -50.759      0.000    -49.770    -49.770    -78.493     -9.303   -999.900   -999.900
    -54.770    -59.968    -14.292   -999.900   -999.900    -45.675      0.000    -54.770    -54.770    -74.458    -14.292   -999.900   -999.900
    -59.770    -59.891    -19.261   -999.900   -999.900    -40.630      0.000    -59.770    -59.770    -72.698    -19.261   -999.900   -999.900
    -64.770    -59.954    -24.030   -999.900   -999.900    -35.924      0.000    -64.770    -64.770    -74.091    -24.031   -999.900   -999.900
    -69.770    -59.899    -29.090   -999.900   -999.900    -30.809      0.000    -69.770    -69.770    -72.850    -29.093   -999.900   -999.900
    -74.770    -59.819    -34.087   -999.900   -999.900    -25.732      0.000    -74.770    -74.770    -71.493    -34.097   -999.900   -999.900
    -79.770    -60.062    -40.767   -999.900   -999.900    -19.295      0.000    -79.770    -79.770    -78.518    -40.812   -999.900   -999.900
    -84.770    -60.055    -45.523   -999.900   -999.900    -14.533      0.000    -84.770    -84.770    -78.047    -45.659   -999.900   -999.900
    -89.770    -60.080    -50.007   -999.900   -999.900    -10.074      0.000    -89.770    -89.770    -79.996    -50.400   -999.900   -999.900
    -94.770    -60.148    -54.302   -999.900   -999.900     -5.846      0.000    -94.770    -94.770    -79.996    -55.454   -999.900   -999.900
    -99.770    -60.089    -57.826   -999.900   -999.900     -2.262      0.000    -99.770    -99.770    -79.996    -61.054   -999.900   -999.900
   -104.770    -60.072    -59.738   -999.900   -999.900     -0.335      0.000   -104.770   -104.770    -79.996    -67.053   -999.900   -999.900
   -109.770    -60.144    -60.614   -999.900   -999.900      0.469      0.000   -109.770   -109.770    -79.996    -85.060   -999.900   -999.900
   -114.770    -60.146    -60.596   -999.900   -999.900      0.450      0.000   -114.770   -114.770    -79.996    -81.757   -999.900   -999.900
   -119.770    -60.137    -60.624   -999.900   -999.900      0.487      0.000   -119.770   -119.770    -79.996    -89.898   -999.900   -999.900
   -124.770    -60.116    -60.624   -999.900   -999.900      0.508      0.000   -124.770   -124.770    -79.996    -89.800   -999.900   -999.900
   -129.770    -60.101    -60.673   -999.900   -999.900      0.572      0.000   -129.770   -129.770    -79.996    -89.800   -999.900   -999.900
