    -34.770      5.663    -56.433   -999.900   -999.900     62.096      0.000    -34.770    -34.770      5.663    -58.341   -999.900   -999.900
    -39.770      1.175    -58.879   -999.900   -999.900     60.053      0.000    -39.770    -39.770      1.175    -63.129   -999.900   -999.900
    -44.770     -3.528    -59.962   -999.900   -999.900     56.434      0.000    -44.770    -44.770     -3.528    -66.977   -999.900   -999.900
    -49.770     -8.414    -60.663   -999.900   -999.900     52.249      0.000    -49.770    -49.770     -8.414    -72.987   -999.900   -999.900
    -54.770    -13.350    -60.916   -999.900   -999.900     47.566      0.000    -54.770    -54.770    -13.350    -87.596   -999.900   -999.900
    -59.770    -18.194    -60.881   -999.900   -999.900     42.687      0.000    -59.770    -59.770    -18.195    -80.851   -999.900   -999.900
    -64.770    -22.959    -60.800   -999.900   -999.900     37.841      0.000    -64.770    -64.770    -22.960    -76.272   -999.900   -999.900
    -69.770    -27.841    -60.809   -999.900   -999.900     32.968      0.000    -69.770    -69.770    -27.843    -76.576   -999.900   -999.900
    -74.770    -32.820    -60.835   -999.900   -999.900     28.015      0.000    -74.770    -74.770    -32.829    -77.722   -999.900   -999.900
    -79.770    -39.106    -60.831   -999.900   -999.900     21.725      0.000    -79.770    -79.770    -39.141    -77.494   -999.900   -999.900
    -84.770    -43.764    -60.888   -999.900   -999.900     17.124      0.000    -84.770    -84.770    -43.869    -81.559   -999.900   -999.900
    -89.770    -48.400    -60.915   -999.900   -999.900     12.515      0.000    -89.770    -89.770    -48.712    -87.272   -999.900   -999.900
    -94.770    -52.539    -60.853   -999.900   -999.900      8.314      0.000    -94.770    -94.770    -53.399    -78.659   -999.900   -999.900
    -99.770    -56.023    -60.811   -999.900   -999.900      4.788      0.000    -99.770    -99.770    -58.247    -76.666   -999.900   -999.900
   -104.770    -58.322    -60.833   -999.900   -999.900      2.511      0.000   -104.770   -104.770    -63.274    -77.616   -999.900   -999.900
   -109.770    -59.360    -60.892   -999.900   -999.900      1.532      0.000   -109.770   -109.770    -68.017    -82.089   -999.900   -999.900
   -114.770    -59.706    -60.916   -999.900   -999.900      1.210      0.000   -114.770   -114.770    -71.601    -87.521   -999.900   -999.900
   -119.770    -60.109    -60.928   -999.900   -999.900      0.819      0.000   -119.770   -119.770    -71.601    -87.521   -999.900   -999.900
   -124.770    -60.091    -60.928   -999.900   -999.900      0.837      0.000   -124.770   -124.770    -71.601    -87.521   -999.900   -999.900
   -129.770    -60.091    -60.929   -999.900   -999.900      0.838      0.000   -129.770   -129.770    -71.601    -87.521   -999.900   -999.900
