    -34.770        5.663      4.965   -999.900   -999.900    -64.738      0.000    -34.770    -34.770    -71.530      4.965   -999.900   -999.900
    -39.770        1.175      0.378   -999.900   -999.900    -60.449      0.000    -39.770    -39.770    -92.274      0.378   -999.900   -999.900
    -44.770       -3.528     -4.339   -999.900   -999.900    -55.647      0.000    -44.770    -44.770    -77.025     -4.339   -999.900   -999.900
    -49.770       -8.414     -9.263   -999.900   -999.900    -50.769      0.000    -49.770    -49.770    -80.305     -9.263   -999.900   -999.900
    -54.770      -13.350    -14.264   -999.900   -999.900    -45.800      0.000    -54.770    -54.770    -86.712    -14.264   -999.900   -999.900
    -59.770      -18.194    -19.153   -999.900   -999.900    -40.705      0.000    -59.770    -59.770    -73.023    -19.154   -999.900   -999.900
    -64.770      -22.959    -23.905   -999.900   -999.900    -35.918      0.000    -64.770    -64.770    -72.359    -23.906   -999.900   -999.900
    -69.770      -27.841    -28.909   -999.900   -999.900    -30.940      0.000    -69.770    -69.770    -72.824    -28.912   -999.900   -999.900
    -74.770      -32.820    -34.052   -999.900   -999.900    -25.828      0.000    -74.770    -74.770    -73.499    -34.061   -999.900   -999.900
    -80.600      -39.106    -40.652   -999.900   -999.900    -19.377      0.000    -79.600    -79.600    -80.033    -40.695   -999.900   -999.900
    -85.600      -43.764    -45.593   -999.900   -999.900    -14.447      0.000    -84.600    -84.600    -81.328    -45.726   -999.900   -999.900
    -90.600      -48.400    -50.058   -999.900   -999.900    -10.014      0.000    -89.600    -89.600    -95.511    -50.440   -999.900   -999.900
    -95.600      -52.539    -54.070   -999.900   -999.900     -6.024      0.000    -94.600    -94.600    -95.511    -55.106   -999.900   -999.900
   -100.600      -56.023    -57.408   -999.900   -999.900     -2.720      0.000    -99.600    -99.600    -95.511    -60.065   -999.900   -999.900
   -105.600      -58.322    -59.503   -999.900   -999.900     -0.561      0.000   -104.600   -104.600    -95.511    -65.372   -999.900   -999.900
   -110.600      -59.360    -60.483   -999.900   -999.900      0.462      0.000   -109.600   -109.600    -95.511    -71.960   -999.900   -999.900
   -115.600      -59.706    -60.530   -999.900   -999.900      0.503      0.000   -114.600   -114.600    -95.511    -72.671   -999.900   -999.900
   -120.600      -60.109    -60.826   -999.900   -999.900      0.752      0.000   -119.600   -119.600    -95.511    -72.671   -999.900   -999.900
   -125.600      -60.091    -60.929   -999.900   -999.900      0.836      0.000   -124.600   -124.600    -95.511    -72.671   -999.900   -999.900
   -130.600      -60.091    -60.942   -999.900   -999.900      0.842      0.000   -129.600   -129.600    -95.511    -72.671   -999.900   -999.900
