    -34.770      5.151    -58.781   -999.900   -999.900     63.932      0.000    -34.770    -34.770      5.151    -61.271   -999.900   -999.900
    -39.770      0.720    -60.419   -999.900   -999.900     61.139      0.000    -39.770    -39.770      0.720    -64.811   -999.900   -999.900
    -44.770     -4.104    -61.359   -999.900   -999.900     57.255      0.000    -44.770    -44.770     -4.104    -68.137   -999.900   -999.900
    -49.770     -9.028    -61.935   -999.900   -999.900     52.907      0.000    -49.770    -49.770     -9.028    -72.025   -999.900   -999.900
    -54.770    -13.933    -62.004   -999.900   -999.900     48.071      0.000    -54.770    -54.770    -13.933    -72.786   -999.900   -999.900
    -59.770    -18.815    -62.142   -999.900   -999.900     43.327      0.000    -59.770    -59.770    -18.815    -74.824   -999.900   -999.900
    -64.770    -24.250    -62.465   -999.900   -999.900     38.215      0.000    -64.770    -64.770    -24.251    -74.824   -999.900   -999.900
    -69.770    -29.171    -62.418   -999.900   -999.900     33.247      0.000    -69.770    -69.770    -29.174    -74.824   -999.900   -999.900
    -74.770    -34.159    -62.340   -999.900   -999.900     28.181      0.000    -74.770    -74.770    -34.169    -74.824   -999.900   -999.900
    -79.770    -38.978    -62.329   -999.900   -999.900     23.351      0.000    -79.770    -79.770    -39.008    -74.824   -999.900   -999.900
    -84.770    -43.607    -62.364   -999.900   -999.900     18.757      0.000    -84.770    -84.770    -43.696    -74.824   -999.900   -999.900
    -89.770    -48.217    -62.382   -999.900   -999.900     14.165      0.000    -89.770    -89.770    -48.478    -74.824   -999.900   -999.900
    -94.770    -52.564    -62.395   -999.900   -999.900      9.831      0.000    -94.770    -94.770    -53.315    -74.824   -999.900   -999.900
    -99.770    -56.268    -62.415   -999.900   -999.900      6.147      0.000    -99.770    -99.770    -58.294    -74.824   -999.900   -999.900
   -104.770    -58.761    -62.423   -999.900   -999.900      3.662      0.000   -104.770   -104.770    -63.470    -74.824   -999.900   -999.900
   -109.770    -60.049    -62.411   -999.900   -999.900      2.362      0.000   -109.770   -109.770    -69.649    -74.824   -999.900   -999.900
   -114.770    -60.456    -62.398   -999.900   -999.900      1.942      0.000   -114.770   -114.770    -76.997    -74.824   -999.900   -999.900
   -119.770    -60.521    -62.387   -999.900   -999.900      1.866      0.000   -119.770   -119.770    -81.810    -74.824   -999.900   -999.900
   -124.770    -60.523    -62.366   -999.900   -999.900      1.843      0.000   -124.770   -124.770    -82.088    -74.824   -999.900   -999.900
   -129.770    -60.718    -62.380   -999.900   -999.900      1.662      0.000   -129.770   -129.770    -82.088    -74.824   -999.900   -999.900
