    -27.030      8.073      6.495   -999.900   -999.900      1.578      0.000    -27.030    -27.030      8.073      6.495   -999.900   -999.900
    -29.030      6.721      4.991   -999.900   -999.900      1.730      0.000    -29.030    -29.030      6.721      4.991   -999.900   -999.900
    -31.030      5.067      3.239   -999.900   -999.900      1.828      0.000    -31.030    -31.030      5.067      3.239   -999.900   -999.900
    -33.030      3.210      1.355   -999.900   -999.900      1.855      0.000    -33.030    -33.030      3.210      1.355   -999.900   -999.900
    -35.030      1.309     -0.567   -999.900   -999.900      1.876      0.000    -35.030    -35.030      1.309     -0.567   -999.900   -999.900
    -38.030     -1.594     -3.494   -999.900   -999.900      1.900      0.000    -38.030    -38.030     -1.594     -3.494   -999.900   -999.900
    -43.030     -6.500     -8.419   -999.900   -999.900      1.919      0.000    -43.030    -43.030     -6.500     -8.419   -999.900   -999.900
    -48.030    -11.469    -13.393   -999.900   -999.900      1.924      0.000    -48.030    -48.030    -11.469    -13.393   -999.900   -999.900
    -53.030    -16.400    -18.341   -999.900   -999.900      1.941      0.000    -53.030    -53.030    -16.400    -18.341   -999.900   -999.900
    -58.030    -21.370    -23.317   -999.900   -999.900      1.947      0.000    -58.030    -58.030    -21.370    -23.317   -999.900   -999.900
    -63.030    -26.281    -28.254   -999.900   -999.900      1.973      0.000    -63.030    -63.030    -26.282    -28.255   -999.900   -999.900
    -68.030    -31.287    -33.261   -999.900   -999.900      1.974      0.000    -68.030    -68.030    -31.289    -33.263   -999.900   -999.900
    -73.030    -36.141    -38.163   -999.900   -999.900      2.022      0.000    -73.030    -73.030    -36.147    -38.169   -999.900   -999.900
    -78.030    -41.128    -43.149   -999.900   -999.900      2.021      0.000    -78.030    -78.030    -41.146    -43.169   -999.900   -999.900
    -83.030    -45.959    -47.971   -999.900   -999.900      2.012      0.000    -83.030    -83.030    -46.014    -48.032   -999.900   -999.900
    -88.030    -50.786    -52.824   -999.900   -999.900      2.038      0.000    -88.030    -88.030    -50.954    -53.014   -999.900   -999.900
    -93.030    -55.113    -57.237   -999.900   -999.900      2.124      0.000    -93.030    -93.030    -55.585    -57.785   -999.900   -999.900
    -97.030    -58.422    -60.497   -999.900   -999.900      2.075      0.000    -97.030    -97.030    -59.505    -61.753   -999.900   -999.900
   -101.030    -60.920    -62.988   -999.900   -999.900      2.068      0.000   -101.030   -101.030    -63.084    -65.550   -999.900   -999.900
   -103.030    -62.061    -63.984   -999.900   -999.900      1.923      0.000   -103.030   -103.030    -65.162    -67.555   -999.900   -999.900
   -105.030    -62.822    -64.692   -999.900   -999.900      1.870      0.000   -105.030   -105.030    -66.889    -69.374   -999.900   -999.900
   -107.030    -63.461    -65.264   -999.900   -999.900      1.803      0.000   -107.030   -107.030    -68.754    -71.331   -999.900   -999.900
   -110.030    -64.060    -65.791   -999.900   -999.900      1.731      0.000   -110.030   -110.030    -71.240    -74.023   -999.900   -999.900
   -113.030    -64.474    -66.122   -999.900   -999.900      1.648      0.000   -113.030   -113.030    -74.038    -76.934   -999.900   -999.900
   -118.030    -64.781    -66.368   -999.900   -999.900      1.587      0.000   -118.030   -118.030    -78.209    -81.670   -999.900   -999.900
   -123.030    -64.894    -66.447   -999.900   -999.900      1.553      0.000   -123.030   -123.030    -81.829    -85.771   -999.900   -999.900
   -128.030    -64.958    -66.479   -999.900   -999.900      1.521      0.000   -128.030   -128.030    -87.394    -90.069   -999.900   -999.900
   -133.030    -64.966    -66.482   -999.900   -999.900      1.516      0.000   -133.030   -133.030    -89.084    -90.815   -999.900   -999.900
   -138.030    -64.980    -66.492   -999.900   -999.900      1.512      0.000   -138.030   -138.030    -96.800    -95.061   -999.900   -999.900
   -143.030    -64.985    -66.499   -999.900   -999.900      1.514      0.000   -143.030   -143.030    -96.800    -95.061   -999.900   -999.900
   -148.030    -65.007    -66.522   -999.900   -999.900      1.515      0.000   -148.030   -148.030    -96.800    -95.061   -999.900   -999.900
   -148.030    -65.009    -66.519   -999.900   -999.900      1.510      0.000   -148.030   -148.030    -96.800    -95.061   -999.900   -999.900
   -153.030    -65.010    -66.512   -999.900   -999.900      1.502      0.000   -153.030   -153.030    -96.800    -95.061   -999.900   -999.900
   -158.030    -65.010    -66.519   -999.900   -999.900      1.509      0.000   -158.030   -158.030    -96.800    -95.061   -999.900   -999.900
   -163.030    -65.011    -66.510   -999.900   -999.900      1.499      0.000   -163.030   -163.030    -96.800    -95.061   -999.900   -999.900
