    -36.030      8.167      6.618   -999.900   -999.900      1.549      0.000    -36.030    -36.030      8.167      6.618   -999.900   -999.900
    -38.030      6.842      5.136   -999.900   -999.900      1.706      0.000    -38.030    -38.030      6.842      5.136   -999.900   -999.900
    -40.030      5.206      3.399   -999.900   -999.900      1.807      0.000    -40.030    -40.030      5.206      3.399   -999.900   -999.900
    -42.030      3.380      1.505   -999.900   -999.900      1.875      0.000    -42.030    -42.030      3.380      1.505   -999.900   -999.900
    -44.030      1.484     -0.415   -999.900   -999.900      1.899      0.000    -44.030    -44.030      1.484     -0.415   -999.900   -999.900
    -47.030     -1.423     -3.342   -999.900   -999.900      1.919      0.000    -47.030    -47.030     -1.423     -3.342   -999.900   -999.900
    -52.030     -6.342     -8.290   -999.900   -999.900      1.948      0.000    -52.030    -52.030     -6.342     -8.290   -999.900   -999.900
    -57.030    -11.319    -13.266   -999.900   -999.900      1.947      0.000    -57.030    -57.030    -11.319    -13.266   -999.900   -999.900
    -62.030    -16.266    -18.213   -999.900   -999.900      1.947      0.000    -62.030    -62.030    -16.266    -18.213   -999.900   -999.900
    -67.030    -21.236    -23.196   -999.900   -999.900      1.960      0.000    -67.030    -67.030    -21.236    -23.196   -999.900   -999.900
    -72.030    -26.162    -28.141   -999.900   -999.900      1.979      0.000    -72.030    -72.030    -26.163    -28.142   -999.900   -999.900
    -77.030    -31.143    -33.157   -999.900   -999.900      2.014      0.000    -77.030    -77.030    -31.145    -33.159   -999.900   -999.900
    -82.030    -35.957    -38.047   -999.900   -999.900      2.090      0.000    -82.030    -82.030    -35.963    -38.053   -999.900   -999.900
    -87.030    -40.877    -43.053   -999.900   -999.900      2.176      0.000    -87.030    -87.030    -40.897    -43.073   -999.900   -999.900
    -92.030    -45.542    -47.970   -999.900   -999.900      2.428      0.000    -92.030    -92.030    -45.600    -48.034   -999.900   -999.900
    -97.030    -50.209    -52.886   -999.900   -999.900      2.677      0.000    -97.030    -97.030    -50.382    -53.087   -999.900   -999.900
   -102.030    -54.366    -57.481   -999.900   -999.900      3.115      0.000   -102.030   -102.030    -54.831    -58.088   -999.900   -999.900
   -106.030    -57.484    -60.840   -999.900   -999.900      3.356      0.000   -106.030   -106.030    -58.497    -62.283   -999.900   -999.900
   -110.030    -59.968    -63.353   -999.900   -999.900      3.385      0.000   -110.030   -110.030    -61.965    -66.400   -999.900   -999.900
   -112.030    -61.029    -64.369   -999.900   -999.900      3.340      0.000   -112.030   -112.030    -63.791    -68.771   -999.900   -999.900
   -114.030    -61.807    -65.017   -999.900   -999.900      3.210      0.000   -114.030   -114.030    -65.402    -70.861   -999.900   -999.900
   -116.030    -62.505    -65.553   -999.900   -999.900      3.048      0.000   -116.030   -116.030    -67.205    -73.425   -999.900   -999.900
   -119.030    -63.173    -66.001   -999.900   -999.900      2.828      0.000   -119.030   -119.030    -69.576    -77.410   -999.900   -999.900
   -122.030    -63.556    -66.239   -999.900   -999.900      2.683      0.000   -122.030   -122.030    -71.574    -83.223   -999.900   -999.900
   -127.030    -64.217    -66.395   -999.900   -999.900      2.178      0.000   -127.030   -127.030    -81.337    -83.223   -999.900   -999.900
   -132.030    -64.397    -66.425   -999.900   -999.900      2.028      0.000   -132.030   -132.030    -81.337    -83.223   -999.900   -999.900
   -137.030    -64.541    -66.422   -999.900   -999.900      1.881      0.000   -137.030   -137.030    -81.337    -83.223   -999.900   -999.900
   -142.030    -64.595    -66.420   -999.900   -999.900      1.825      0.000   -142.030   -142.030    -81.337    -83.223   -999.900   -999.900
   -147.030    -64.604    -66.412   -999.900   -999.900      1.808      0.000   -147.030   -147.030    -81.337    -83.223   -999.900   -999.900
   -152.030    -64.638    -66.386   -999.900   -999.900      1.748      0.000   -152.030   -152.030    -81.337    -83.223   -999.900   -999.900
   -157.030    -64.989    -66.485   -999.900   -999.900      1.496      0.000   -157.030   -157.030    -81.337    -83.223   -999.900   -999.900
   -157.030    -64.992    -66.485   -999.900   -999.900      1.493      0.000   -157.030   -157.030    -81.337    -83.223   -999.900   -999.900
   -162.030    -64.994    -66.488   -999.900   -999.900      1.494      0.000   -162.030   -162.030    -81.337    -83.223   -999.900   -999.900
   -167.030    -64.992    -66.484   -999.900   -999.900      1.492      0.000   -167.030   -167.030    -81.337    -83.223   -999.900   -999.900
   -172.030    -64.995    -66.487   -999.900   -999.900      1.492      0.000   -172.030   -172.030    -81.337    -83.223   -999.900   -999.900
