    -34.430     -0.665     -1.336   -999.900   -999.900      0.671      0.000    -34.430    -34.430     -0.665     -1.336   -999.900   -999.900
    -39.430     -5.463     -6.123   -999.900   -999.900      0.660      0.000    -39.430    -39.430     -5.463     -6.123   -999.900   -999.900
    -44.430    -10.353    -10.997   -999.900   -999.900      0.644      0.000    -44.430    -44.430    -10.353    -10.997   -999.900   -999.900
    -49.430    -15.284    -15.888   -999.900   -999.900      0.604      0.000    -49.430    -49.430    -15.284    -15.888   -999.900   -999.900
    -54.430    -20.146    -20.684   -999.900   -999.900      0.538      0.000    -54.430    -54.430    -20.146    -20.684   -999.900   -999.900
    -59.430    -25.031    -25.450   -999.900   -999.900      0.419      0.000    -59.430    -59.430    -25.031    -25.450   -999.900   -999.900
    -64.430    -30.038    -30.242   -999.900   -999.900      0.204      0.000    -64.430    -64.430    -30.039    -30.243   -999.900   -999.900
    -69.430    -35.052    -34.967   -999.900   -999.900     -0.085      0.000    -69.430    -69.430    -35.056    -34.970   -999.900   -999.900
    -74.430    -40.344    -39.583   -999.900   -999.900     -0.761      0.000    -74.430    -74.430    -40.356    -39.591   -999.900   -999.900
    -79.430    -45.988    -44.104   -999.900   -999.900     -1.884      0.000    -79.430    -79.430    -46.033    -44.128   -999.900   -999.900
   -119.430    -65.835    -66.684   -999.900   -999.900      0.849      0.000   -119.430   -119.430   -106.989    -96.696   -999.900   -999.900
   -119.430    -65.830    -66.684   -999.900   -999.900      0.854      0.000   -119.430   -119.430    -94.941    -96.696   -999.900   -999.900
   -124.430    -65.837    -66.688   -999.900   -999.900      0.851      0.000   -124.430   -124.430    -94.941   -107.840   -999.900   -999.900
   -129.430    -65.833    -66.690   -999.900   -999.900      0.857      0.000   -129.430   -129.430    -94.941   -107.840   -999.900   -999.900
   -134.430    -65.836    -66.687   -999.900   -999.900      0.851      0.000   -134.430   -134.430    -94.941   -107.840   -999.900   -999.900
