    -29.000    -47.211     -5.353   -999.900   -999.900    -41.858      0.000    -29.000    -29.000    -48.229     -5.353   -999.900   -999.900
    -34.000    -50.935     -5.421   -999.900   -999.900    -45.515      0.000    -34.000    -34.000    -53.882     -5.421   -999.900   -999.900
    -39.000    -52.850     -7.457   -999.900   -999.900    -45.393      0.000    -39.000    -39.000    -59.148     -7.457   -999.900   -999.900
    -44.000    -53.721    -11.603   -999.900   -999.900    -42.118      0.000    -44.000    -44.000    -65.627    -11.603   -999.900   -999.900
    -49.000    -53.868    -16.298   -999.900   -999.900    -37.570      0.000    -49.000    -49.000    -68.781    -16.299   -999.900   -999.900
    -54.000    -53.797    -21.192   -999.900   -999.900    -32.606      0.000    -54.000    -54.000    -66.988    -21.193   -999.900   -999.900
    -59.000    -53.726    -26.134   -999.900   -999.900    -27.592      0.000    -59.000    -59.000    -65.701    -26.138   -999.900   -999.900
    -64.000    -53.693    -31.112   -999.900   -999.900    -22.581      0.000    -64.000    -64.000    -65.212    -31.124   -999.900   -999.900
    -69.000    -53.723    -36.014   -999.900   -999.900    -17.709      0.000    -69.000    -69.000    -65.656    -36.052   -999.900   -999.900
    -74.000    -53.943    -41.055   -999.900   -999.900    -12.888      0.000    -74.000    -74.000    -72.022    -41.175   -999.900   -999.900
    -79.000    -53.986    -46.341   -999.900   -999.900     -7.645      0.000    -79.000    -79.000    -76.489    -46.762   -999.900   -999.900
    -84.000    -54.001    -52.149   -999.900   -999.900     -1.852      0.000    -84.000    -84.000    -80.629    -54.029   -999.900   -999.900
    -89.000    -54.005    -55.032   -999.900   -999.900      1.027      0.000    -89.000    -89.000    -83.130    -60.013   -999.900   -999.900
    -94.000    -54.014    -63.088   -999.900   -999.900      9.074      0.000    -94.000    -94.000    -83.130    -60.013   -999.900   -999.900
    -99.000    -54.018    -63.089   -999.900   -999.900      9.071      0.000    -99.000    -99.000    -83.130    -60.013   -999.900   -999.900
   -104.000    -54.015    -63.087   -999.900   -999.900      9.072      0.000   -104.000   -104.000    -83.130    -60.013   -999.900   -999.900
