    -34.650      5.640    -54.122   -999.900   -999.900     59.762      0.000    -34.650    -34.650      5.640    -55.108   -999.900   -999.900
    -39.650      1.365    -54.180   -999.900   -999.900     55.545      0.000    -39.650    -39.650      1.365    -55.181   -999.900   -999.900
    -44.650     -3.279    -55.269   -999.900   -999.900     51.991      0.000    -44.650    -44.650     -3.279    -56.603   -999.900   -999.900
    -49.650     -8.176    -56.095   -999.900   -999.900     47.919      0.000    -49.650    -49.650     -8.176    -57.769   -999.900   -999.900
    -54.650    -13.120    -55.096   -999.900   -999.900     41.977      0.000    -54.650    -54.650    -13.120    -56.370   -999.900   -999.900
    -59.650    -18.052    -55.033   -999.900   -999.900     36.982      0.000    -59.650    -59.650    -18.052    -56.285   -999.900   -999.900
    -64.650    -23.021    -56.865   -999.900   -999.900     33.844      0.000    -64.650    -64.650    -23.021    -58.954   -999.900   -999.900
    -69.650    -27.902    -54.058   -999.900   -999.900     26.156      0.000    -69.650    -69.650    -27.904    -55.028   -999.900   -999.900
    -74.650    -32.677    -54.333   -999.900   -999.900     21.656      0.000    -74.650    -74.650    -32.681    -55.374   -999.900   -999.900
    -80.700    -38.929    -57.562   -999.900   -999.900     18.633      0.000    -80.700    -80.700    -38.947    -60.145   -999.900   -999.900
    -85.700    -43.628    -59.949   -999.900   -999.900     16.321      0.000    -85.700    -85.700    -43.680    -66.460   -999.900   -999.900
    -90.700    -48.841    -59.301   -999.900   -999.900     10.460      0.000    -90.700    -90.700    -49.017    -64.102   -999.900   -999.900
    -95.700    -53.691    -58.587   -999.900   -999.900      4.896      0.000    -95.700    -95.700    -54.255    -62.228   -999.900   -999.900
   -100.700    -58.542    -59.937   -999.900   -999.900      1.396      0.000   -100.700   -100.700    -60.563    -66.408   -999.900   -999.900
   -105.700    -61.654    -58.795   -999.900   -999.900     -2.859      0.000   -105.700   -105.700    -67.886    -62.726   -999.900   -999.900
   -110.700    -62.713    -60.792   -999.900   -999.900     -1.921      0.000   -110.700   -110.700    -78.268    -73.231   -999.900   -999.900
   -115.700    -62.421    -57.740   -999.900   -999.900     -4.682      0.000   -115.700   -115.700    -72.837    -60.472   -999.900   -999.900
   -115.700    -62.781    -60.137   -999.900   -999.900     -2.645      0.000   -115.700   -115.700    -81.857    -67.371   -999.900   -999.900
   -120.700    -63.056    -63.876   -999.900   -999.900      0.820      0.000   -120.700   -120.700    -81.857    -67.371   -999.900   -999.900
   -125.700    -63.049    -63.883   -999.900   -999.900      0.834      0.000   -125.700   -125.700    -81.857    -67.371   -999.900   -999.900
   -130.700    -63.028    -63.859   -999.900   -999.900      0.831      0.000   -130.700   -130.700    -81.857    -67.371   -999.900   -999.900
