    -34.650      5.685    -58.927   -999.900   -999.900     64.612      0.000    -34.650    -34.650      5.685    -62.109   -999.900   -999.900
    -39.650      1.192    -58.141   -999.900   -999.900     59.333      0.000    -39.650    -39.650      1.192    -60.607   -999.900   -999.900
    -44.650     -3.666    -58.371   -999.900   -999.900     54.705      0.000    -44.650    -44.650     -3.666    -61.023   -999.900   -999.900
    -49.650     -8.537    -57.882   -999.900   -999.900     49.345      0.000    -49.650    -49.650     -8.537    -60.161   -999.900   -999.900
    -54.650    -13.265    -57.652   -999.900   -999.900     44.387      0.000    -54.650    -54.650    -13.265    -59.779   -999.900   -999.900
    -59.650    -17.986    -56.764   -999.900   -999.900     38.778      0.000    -59.650    -59.650    -17.986    -58.412   -999.900   -999.900
    -64.650    -22.864    -56.082   -999.900   -999.900     33.218      0.000    -64.650    -64.650    -22.865    -57.448   -999.900   -999.900
    -69.650    -27.918    -58.103   -999.900   -999.900     30.186      0.000    -69.650    -69.650    -27.919    -60.542   -999.900   -999.900
    -74.650    -32.935    -59.687   -999.900   -999.900     26.752      0.000    -74.650    -74.650    -32.940    -63.874   -999.900   -999.900
    -80.700    -38.885    -60.654   -999.900   -999.900     21.769      0.000    -80.700    -80.700    -38.904    -67.091   -999.900   -999.900
    -85.700    -43.525    -61.200   -999.900   -999.900     17.675      0.000    -85.700    -85.700    -43.581    -70.286   -999.900   -999.900
    -90.700    -48.251    -61.359   -999.900   -999.900     13.109      0.000    -90.700    -90.700    -48.417    -71.781   -999.900   -999.900
    -95.700    -52.546    -60.742   -999.900   -999.900      8.196      0.000    -95.700    -95.700    -53.008    -67.495   -999.900   -999.900
   -100.700    -56.340    -59.318   -999.900   -999.900      2.978      0.000   -100.700   -100.700    -57.541    -62.965   -999.900   -999.900
   -105.700    -58.832    -59.981   -999.900   -999.900      1.150      0.000   -105.700   -105.700    -61.264    -64.692   -999.900   -999.900
   -110.700    -60.716    -57.747   -999.900   -999.900     -2.968      0.000   -110.700   -110.700    -65.424    -59.936   -999.900   -999.900
   -115.700    -62.287    -63.192   -999.900   -999.900      0.905      0.000   -115.700   -115.700    -75.328    -59.936   -999.900   -999.900
   -115.700    -62.884    -63.319   -999.900   -999.900      0.434      0.000   -115.700   -115.700    -75.328    -59.936   -999.900   -999.900
   -120.700    -63.248    -63.401   -999.900   -999.900      0.153      0.000   -120.700   -120.700    -75.328    -59.936   -999.900   -999.900
   -125.700    -63.268    -63.427   -999.900   -999.900      0.159      0.000   -125.700   -125.700    -75.328    -59.936   -999.900   -999.900
   -130.700    -63.280    -63.438   -999.900   -999.900      0.158      0.000   -130.700   -130.700    -75.328    -59.936   -999.900   -999.900
