    -34.650      5.887    -56.130   -999.900   -999.900     62.017      0.000    -34.650    -34.650      5.887    -57.064   -999.900   -999.900
    -39.650      1.437    -58.204   -999.900   -999.900     59.641      0.000    -39.650    -39.650      1.437    -59.827   -999.900   -999.900
    -44.650     -3.430    -55.357   -999.900   -999.900     51.927      0.000    -44.650    -44.650     -3.430    -56.123   -999.900   -999.900
    -49.650     -8.369    -55.302   -999.900   -999.900     46.933      0.000    -49.650    -49.650     -8.369    -56.058   -999.900   -999.900
    -54.650    -13.289    -58.481   -999.900   -999.900     45.193      0.000    -54.650    -54.650    -13.289    -60.235   -999.900   -999.900
    -59.650    -18.166    -56.446   -999.900   -999.900     38.280      0.000    -59.650    -59.650    -18.166    -57.458   -999.900   -999.900
    -64.650    -22.918    -61.916   -999.900   -999.900     38.998      0.000    -64.650    -64.650    -22.919    -67.648   -999.900   -999.900
    -69.650    -27.733    -61.696   -999.900   -999.900     33.963      0.000    -69.650    -69.650    -27.734    -66.875   -999.900   -999.900
    -74.650    -32.565    -58.866   -999.900   -999.900     26.300      0.000    -74.650    -74.650    -32.570    -60.825   -999.900   -999.900
    -80.700    -38.542    -61.305   -999.900   -999.900     22.763      0.000    -80.700    -80.700    -38.560    -65.701   -999.900   -999.900
    -85.700    -43.142    -61.723   -999.900   -999.900     18.581      0.000    -85.700    -85.700    -43.193    -66.965   -999.900   -999.900
    -90.700    -48.466    -62.230   -999.900   -999.900     13.764      0.000    -90.700    -90.700    -48.641    -68.960   -999.900   -999.900
    -95.700    -52.301    -61.972   -999.900   -999.900      9.670      0.000    -95.700    -95.700    -52.739    -67.859   -999.900   -999.900
   -100.700    -56.562    -61.920   -999.900   -999.900      5.357      0.000   -100.700   -100.700    -57.845    -67.661   -999.900   -999.900
   -105.700    -59.373    -62.414   -999.900   -999.900      3.040      0.000   -105.700   -105.700    -62.283    -69.903   -999.900   -999.900
   -110.700    -61.523    -62.676   -999.900   -999.900      1.152      0.000   -110.700   -110.700    -68.537    -71.631   -999.900   -999.900
   -115.700    -62.266    -62.369   -999.900   -999.900      0.103      0.000   -115.700   -115.700    -75.316    -69.656   -999.900   -999.900
   -115.700    -62.664    -63.275   -999.900   -999.900      0.611      0.000   -115.700   -115.700    -75.316    -69.656   -999.900   -999.900
   -120.700    -62.891    -63.831   -999.900   -999.900      0.940      0.000   -120.700   -120.700    -75.316    -69.656   -999.900   -999.900
   -125.700    -62.879    -63.841   -999.900   -999.900      0.962      0.000   -125.700   -125.700    -75.316    -69.656   -999.900   -999.900
   -130.700    -62.872    -63.858   -999.900   -999.900      0.986      0.000   -130.700   -130.700    -75.316    -69.656   -999.900   -999.900
