2015 07 07 19 20 00 2015 07 07 19 32 45 2
2015 07 07 19 39 00 2015 07 07 19 43 00 2
2015 07 07 19 44 00 2015 07 07 20 30 00 2
2015 07 07 20 33 00 2015 07 07 20 47 00 2
2015 07 09 17 17 23 2015 07 09 17 30 00 1
2015 07 09 17 30 00 2015 07 09 17 55 00 2
2015 07 09 22 17 30 2015 07 09 22 20 15 1
2015 07 09 22 23 30 2015 07 09 22 30 00 1
2015 07 22 15 33 18 2015 07 22 15 39 39 2
2015 07 22 19 25 07 2015 07 22 19 30 00 1
2015 07 22 19 30 00 2015 07 22 19 35 18 1
2015 07 24 16 55 02 2015 07 24 17 00 01 1
2015 07 24 23 00 01 2015 07 24 23 05 55 1
2015 07 27 15 17 51 2015 07 27 15 23 47 1
2015 07 27 15 33 21 2015 07 27 15 40 28 1
2015 07 27 21 26 00 2015 07 27 21 31 20 2
2015 07 29 16 50 59 2015 07 29 16 56 17 2
2015 07 29 23 32 10 2015 07 29 23 37 15 2
2015 08 01 21 41 04 2015 08 01 21 51 51 1
2015 08 03 17 02 32 2015 08 03 17 07 00 1
2015 08 07 15 21 52 2015 08 07 15 27 13 2
2015 08 07 19 44 01 2015 08 07 19 49 10 1
2015 08 07 21 07 58 2015 08 07 21 16 18 1
2015 08 07 21 35 44 2015 08 07 21 43 00 2
2015 08 09 16 50 26 2015 08 09 16 55 07 2
2015 08 12 16 50 20 2015 08 12 16 55 42 1
2015 08 12 20 10 54 2015 08 12 20 15 51 1
