2019 08 11 12 55 31 2019 08 11 13 02 50 3
2019 08 11 13 03 25 2019 08 11 13 08 22 3
2019 08 11 13 30 54 2019 08 11 13 40 03 3
2019 08 12 12 41 15 2019 08 12 12 50 00 3
2019 08 12 12 50 00 2019 08 12 12 57 39 3
2019 08 12 13 19 03 2019 08 12 13 24 00 3
2019 08 16 13 15 27 2019 08 16 13 20 00 3
2019 08 17 13 15 46 2019 08 17 13 19 33 3
2019 08 17 14 46 07 2019 08 17 14 50 12 3
2019 08 17 17 01 00 2019 08 17 17 06 40 3
2019 08 18 13 32 15 2019 08 18 13 36 00 3
2019 08 18 13 36 00 2019 08 18 13 41 07 3
2019 08 18 13 43 27 2019 08 18 13 46 40 3
2019 08 18 16 24 26 2019 08 18 16 33 03 3
2019 08 18 18 12 02 2019 08 18 18 17 06 3
2019 08 18 18 34 07 2019 08 18 18 40 40 3
2019 08 23 12 28 55 2019 08 23 12 33 22 3
2019 08 25 12 47 40 2019 08 25 12 51 31 3
2019 09 03 13 04 48 2019 09 03 13 09 20 3
2019 09 04 12 46 28 2019 09 04 12 57 03 3
2019 09 04 16 45 45 2019 09 04 16 47 48 3
2019 09 09 19 18 38 2019 09 09 19 25 40 3
2019 09 17 15 09 22 2019 09 17 15 14 30 3
2019 09 17 15 16 05 2019 09 17 15 18 07 3
2019 09 17 19 21 51 2019 09 17 19 27 09 3
2019 09 21 12 54 17 2019 09 21 13 00 33 3
2019 09 24 12 47 33 2019 09 24 13 01 50 3
2019 09 24 17 15 00 2019 09 24 17 17 30 3
2019 09 25 12 53 15 2019 09 25 12 55 59 3
2019 09 25 16 39 00 2019 09 25 16 46 00 3
2019 09 25 16 46 00 2019 09 25 16 49 20 3
2019 09 27 13 06 45 2019 09 27 13 14 09 3
2019 09 27 17 19 01 2019 09 27 17 20 32 3
2019 09 28 14 29 24 2019 09 28 14 31 09 3
2019 09 28 14 37 07 2019 09 28 14 39 37 3
2019 09 28 18 54 00 2019 09 28 18 56 04 3
2019 09 30 12 35 41 2019 09 30 12 39 23 3
2019 09 30 17 08 42 2019 09 30 17 09 44 3
2019 10 01 12 44 57 2019 10 01 12 49 50 3
2019 10 01 12 51 11 2019 10 01 12 55 00 3
2019 10 01 17 23 24 2019 10 01 17 26 00 3
2019 10 01 17 26 25 2019 10 01 17 28 07 3
2019 10 02 12 27 13 2019 10 02 12 31 08 3
2019 10 02 12 42 36 2019 10 02 12 54 17 3
2019 10 02 15 55 27 2019 10 02 15 57 12 3
