2018 01 16 00 02 20 2018 01 16 00 06 01 0
2018 01 16 03 15 19 2018 01 16 03 19 03 0
2018 01 16 03 28 00 2018 01 16 03 32 00 0
2018 01 19 01 33 22 2018 01 19 01 36 22 1
2018 01 22 21 39 47 2018 01 22 21 43 27 1
2018 01 22 22 38 00 2018 01 22 22 41 11 1
2018 01 24 00 04 27 2018 01 24 00 07 16 1
2018 01 24 00 07 22 2018 01 24 00 08 03 1
2018 01 25 23 07 31 2018 01 25 23 11 02 1
2018 01 25 23 52 01 2018 01 25 23 55 31 1
2018 01 26 00 10 16 2018 01 26 00 11 34 1
2018 01 26 00 11 40 2018 01 26 00 13 46 1
2018 01 28 23 38 06 2018 01 28 23 41 50 1
2018 01 31 01 37 10 2018 01 31 01 42 00 1
2018 01 31 02 18 31 2018 01 31 02 22 30 1
2018 02 04 00 05 59 2018 02 04 00 11 55 0
2018 02 04 00 17 01 2018 02 04 00 21 56 0
2018 02 04 23 23 01 2018 02 04 23 26 33 0
2018 02 07 21 56 51 2018 02 07 22 01 34 1
2018 02 17 02 42 29 2018 02 17 02 44 14 1
2018 02 17 02 44 16 2018 02 17 02 45 14 1
2018 02 18 00 38 40 2018 02 18 00 42 01 1
2018 02 18 00 54 01 2018 02 18 00 55 44 0
2018 02 18 01 04 56 2018 02 18 01 09 49 0
2018 02 18 06 50 42 2018 02 18 06 53 43 1
2018 02 19 23 44 05 2018 02 19 23 47 41 1
2018 02 24 02 42 16 2018 02 24 02 44 52 1
