2019 08 03 20 21 48 2019 08 03 20 23 08 2
2019 08 11 12 55 31 2019 08 11 13 02 50 2
2019 08 11 13 03 25 2019 08 11 13 08 22 2
2019 08 11 13 30 54 2019 08 11 13 40 03 2
2019 08 12 12 41 15 2019 08 12 12 57 39 2
2019 08 12 13 19 03 2019 08 12 13 24 00 2
2019 08 16 13 15 27 2019 08 16 13 20 00 2
2019 08 17 13 15 46 2019 08 17 13 19 33 2
2019 08 17 14 46 07 2019 08 17 14 50 12 2
2019 08 17 17 01 00 2019 08 17 17 06 40 2
2019 08 18 13 32 15 2019 08 18 13 41 07 2
2019 08 18 13 43 27 2019 08 18 13 46 40 2
2019 08 18 16 24 26 2019 08 18 16 33 03 2
2019 08 18 18 12 02 2019 08 18 18 17 06 2
2019 08 18 18 34 07 2019 08 18 18 40 40 2
2019 08 22 13 39 35 2019 08 22 13 45 01 2
2019 08 23 12 28 55 2019 08 23 12 33 22 2
2019 08 23 16 07 03 2019 08 23 16 11 40 2
2019 08 25 12 47 40 2019 08 25 12 51 31 2
2019 09 03 13 04 48 2019 09 03 13 09 20 2
2019 09 03 13 10 00 2019 09 03 13 12 20 2
2019 09 04 12 46 28 2019 09 04 12 57 03 2
2019 09 04 16 44 06 2019 09 04 16 47 48 2
2019 09 09 19 18 38 2019 09 09 19 25 40 2
2019 09 17 15 09 22 2019 09 17 15 14 30 2
2019 09 17 15 16 05 2019 09 17 15 18 07 2
2019 09 17 19 21 51 2019 09 17 19 27 09 2
