    -29.000    -47.969      9.296   -999.900   -999.900    -57.265      0.000    -29.000    -29.000    -49.205      9.296   -999.900   -999.900
    -31.000    -49.332      9.442   -999.900   -999.900    -58.774      0.000    -31.000    -31.000    -51.130      9.442   -999.900   -999.900
    -33.000    -50.449      9.369   -999.900   -999.900    -59.819      0.000    -33.000    -33.000    -52.955      9.369   -999.900   -999.900
    -35.000    -51.299      9.022   -999.900   -999.900    -60.321      0.000    -35.000    -35.000    -54.608      9.022   -999.900   -999.900
    -37.000    -51.722      8.322   -999.900   -999.900    -60.044      0.000    -37.000    -37.000    -55.571      8.322   -999.900   -999.900
    -39.000    -52.416      7.175   -999.900   -999.900    -59.591      0.000    -39.000    -39.000    -57.497      7.175   -999.900   -999.900
    -41.000    -52.886      5.672   -999.900   -999.900    -58.558      0.000    -41.000    -41.000    -59.237      5.672   -999.900   -999.900
    -43.000    -53.343      3.950   -999.900   -999.900    -57.293      0.000    -43.000    -43.000    -61.689      3.950   -999.900   -999.900
    -45.000    -53.629      2.135   -999.900   -999.900    -55.764      0.000    -45.000    -45.000    -64.176      2.135   -999.900   -999.900
    -47.000    -53.839      0.250   -999.900   -999.900    -54.090      0.000    -47.000    -47.000    -67.513      0.250   -999.900   -999.900
    -49.000    -53.960     -1.633   -999.900   -999.900    -52.327      0.000    -49.000    -49.000    -71.932     -1.633   -999.900   -999.900
    -51.000    -53.980     -3.555   -999.900   -999.900    -50.425      0.000    -51.000    -51.000    -73.399     -3.555   -999.900   -999.900
    -53.000    -53.963     -5.496   -999.900   -999.900    -48.467      0.000    -53.000    -53.000    -72.091     -5.496   -999.900   -999.900
    -55.000    -53.950     -7.428   -999.900   -999.900    -46.522      0.000    -55.000    -55.000    -71.338     -7.428   -999.900   -999.900
    -57.000    -53.944     -9.381   -999.900   -999.900    -44.563      0.000    -57.000    -57.000    -71.028     -9.381   -999.900   -999.900
    -59.000    -53.911    -11.346   -999.900   -999.900    -42.565      0.000    -59.000    -59.000    -69.577    -11.346   -999.900   -999.900
    -61.000    -53.869    -13.377   -999.900   -999.900    -40.491      0.000    -61.000    -61.000    -68.249    -13.378   -999.900   -999.900
    -63.000    -53.832    -15.366   -999.900   -999.900    -38.466      0.000    -63.000    -63.000    -67.345    -15.367   -999.900   -999.900
    -65.000    -53.816    -17.296   -999.900   -999.900    -36.520      0.000    -65.000    -65.000    -66.995    -17.297   -999.900   -999.900
    -67.000    -53.756    -19.334   -999.900   -999.900    -34.421      0.000    -67.000    -67.000    -65.892    -19.336   -999.900   -999.900
    -69.000    -53.749    -21.295   -999.900   -999.900    -32.454      0.000    -69.000    -69.000    -65.781    -21.298   -999.900   -999.900
    -71.000    -53.716    -23.412   -999.900   -999.900    -30.304      0.000    -71.000    -71.000    -65.281    -23.416   -999.900   -999.900
    -73.000    -53.688    -25.573   -999.900   -999.900    -28.115      0.000    -73.000    -73.000    -64.894    -25.579   -999.900   -999.900
    -75.000    -54.025    -54.379   -999.900   -999.900      0.354      0.000    -75.000    -75.000    -83.737    -86.680   -999.900   -999.900
    -77.000    -54.028    -54.381   -999.900   -999.900      0.354      0.000    -77.000    -77.000    -86.864    -94.249   -999.900   -999.900
    -79.000    -54.031    -54.378   -999.900   -999.900      0.348      0.000    -79.000    -79.000    -86.864    -85.568   -999.900   -999.900
    -81.000    -54.030    -54.379   -999.900   -999.900      0.349      0.000    -81.000    -81.000    -86.864    -86.457   -999.900   -999.900
    -83.000    -54.031    -54.381   -999.900   -999.900      0.350      0.000    -83.000    -83.000    -86.864    -93.902   -999.900   -999.900
    -85.000    -54.032    -54.383   -999.900   -999.900      0.351      0.000    -85.000    -85.000    -86.864    -93.902   -999.900   -999.900
    -87.000    -54.030    -54.380   -999.900   -999.900      0.350      0.000    -87.000    -87.000    -86.864    -93.902   -999.900   -999.900
    -89.000    -54.030    -54.382   -999.900   -999.900      0.351      0.000    -89.000    -89.000    -86.864    -93.902   -999.900   -999.900
    -91.000    -54.025    -54.385   -999.900   -999.900      0.359      0.000    -91.000    -91.000    -86.864    -93.902   -999.900   -999.900
