    -34.370      5.364    -62.166   -999.900   -999.900     67.530      0.000    -34.370    -34.370      5.364    -65.038   -999.900   -999.900
    -39.370      0.971    -64.674   -999.900   -999.900     65.645      0.000    -39.370    -39.370      0.971    -73.277   -999.900   -999.900
    -44.370     -3.896    -65.093   -999.900   -999.900     61.197      0.000    -44.370    -44.370     -3.896    -78.048   -999.900   -999.900
    -49.370     -8.733    -64.942   -999.900   -999.900     56.209      0.000    -49.370    -49.370     -8.733    -75.747   -999.900   -999.900
    -54.370    -13.655    -64.998   -999.900   -999.900     51.343      0.000    -54.370    -54.370    -13.655    -76.474   -999.900   -999.900
    -59.370    -18.506    -64.841   -999.900   -999.900     46.335      0.000    -59.370    -59.370    -18.506    -74.664   -999.900   -999.900
    -64.370    -23.619    -65.137   -999.900   -999.900     41.518      0.000    -64.370    -64.370    -23.619    -79.012   -999.900   -999.900
    -69.370    -28.435    -65.307   -999.900   -999.900     36.872      0.000    -69.370    -69.370    -28.436    -91.006   -999.900   -999.900
    -74.370    -33.473    -65.352   -999.900   -999.900     31.879      0.000    -74.370    -74.370    -33.477    -91.006   -999.900   -999.900
    -79.370    -38.298    -65.461   -999.900   -999.900     27.163      0.000    -79.370    -79.370    -38.311    -91.006   -999.900   -999.900
    -84.370    -42.949    -65.325   -999.900   -999.900     22.376      0.000    -84.370    -84.370    -42.987    -91.006   -999.900   -999.900
    -89.370    -47.800    -65.372   -999.900   -999.900     17.572      0.000    -89.370    -89.370    -47.916    -91.006   -999.900   -999.900
    -94.370    -52.455    -65.283   -999.900   -999.900     12.828      0.000    -94.370    -94.370    -52.803    -91.006   -999.900   -999.900
    -99.370    -56.624    -65.291   -999.900   -999.900      8.667      0.000    -99.370    -99.370    -57.598    -91.006   -999.900   -999.900
   -104.370    -60.146    -65.410   -999.900   -999.900      5.264      0.000   -104.370   -104.370    -62.758    -91.006   -999.900   -999.900
   -109.370    -62.219    -65.421   -999.900   -999.900      3.202      0.000   -109.370   -109.370    -67.882    -91.006   -999.900   -999.900
   -114.370    -63.240    -65.429   -999.900   -999.900      2.189      0.000   -114.370   -114.370    -74.297    -91.006   -999.900   -999.900
   -119.370    -63.565    -65.216   -999.900   -999.900      1.651      0.000   -119.370   -119.370    -85.253    -91.006   -999.900   -999.900
   -124.370    -63.582    -65.203   -999.900   -999.900      1.621      0.000   -124.370   -124.370    -88.981    -91.006   -999.900   -999.900
   -129.370    -63.713    -65.332   -999.900   -999.900      1.619      0.000   -129.370   -129.370    -88.981    -91.006   -999.900   -999.900
   -134.370    -63.751    -65.365   -999.900   -999.900      1.614      0.000   -134.370   -134.370    -88.981    -91.006   -999.900   -999.900
   -139.370    -63.738    -65.372   -999.900   -999.900      1.634      0.000   -139.370   -139.370    -88.981    -91.006   -999.900   -999.900
