2015 07 01 17 02 30 2015 07 01 17 06 00 2
2015 07 01 20 05 00 2015 07 01 20 10 00 1
2015 07 01 21 15 00 2015 07 01 21 20 00 1
2015 07 07 13 57 00 2015 07 07 14 06 30 1
2015 07 07 19 33 30 2015 07 07 19 37 00 1
2015 07 07 21 01 20 2015 07 07 21 04 10 1
2015 07 09 17 00 30 2015 07 09 17 06 00 1
2015 07 09 19 45 00 2015 07 09 19 50 00 2
2015 07 09 21 28 50 2015 07 09 21 30 30 2
2015 07 09 23 02 30 2015 07 09 23 06 00 1
2015 07 12 13 54 00 2015 07 12 13 59 00 1
2015 07 12 15 57 30 2015 07 12 16 02 05 1
2015 07 12 18 50 30 2015 07 12 18 56 00 2
2015 07 12 19 59 00 2015 07 12 20 04 00 1
2015 07 12 20 56 00 2015 07 12 21 02 00 1
2015 07 14 15 25 00 2015 07 14 15 30 00 1
2015 07 14 17 29 30 2015 07 14 17 38 05 1
2015 07 14 18 32 30 2015 07 14 18 37 00 1
2015 07 17 15 45 30 2015 07 17 15 50 01 1
2015 07 17 19 22 00 2015 07 17 19 28 00 2
2015 07 17 21 14 30 2015 07 17 21 21 00 1
2015 07 19 16 44 40 2015 07 19 16 48 15 1
2015 07 19 21 53 30 2015 07 19 21 59 00 2
2015 07 22 13 56 30 2015 07 22 14 02 00 1
2015 07 22 20 29 00 2015 07 22 20 36 30 1
2015 07 24 15 05 00 2015 07 24 15 09 30 1
2015 07 24 19 51 30 2015 07 24 19 56 00 2
2015 07 24 23 09 30 2015 07 24 23 14 01 1
2015 07 27 14 41 00 2015 07 27 14 53 00 1
2015 07 27 16 02 10 2015 07 27 16 05 01 1
2015 07 27 21 20 30 2015 07 27 21 26 00 1
2015 07 29 16 24 20 2015 07 29 16 29 15 1
2015 07 29 17 42 00 2015 07 29 17 48 00 2
2015 07 29 19 00 30 2015 07 29 19 07 00 2
2015 07 29 23 25 20 2015 07 29 23 30 20 1
2015 08 01 14 46 00 2015 08 01 14 48 00 1
2015 08 01 14 52 00 2015 08 01 14 55 00 1
2015 08 01 21 53 00 2015 08 01 21 59 00 1
2015 08 03 16 20 40 2015 08 03 16 23 01 2
2015 08 03 20 11 50 2015 08 03 20 17 00 2
2015 08 07 15 42 55 2015 08 07 15 48 00 1
2015 08 07 19 24 30 2015 08 07 19 30 00 2
2015 08 07 21 01 55 2015 08 07 21 08 00 1
2015 08 09 16 04 50 2015 08 09 16 11 00 1
2015 08 09 20 03 25 2015 08 09 20 12 00 2
2015 08 09 22 39 10 2015 08 09 22 44 00 1
2015 08 12 16 40 55 2015 08 12 16 46 00 1
