2019 08 07 11 26 28 2019 08 07 11 33 08 1
2019 08 11 11 48 41 2019 08 11 11 50 01 2
2019 08 11 11 54 33 2019 08 11 11 56 52 1
2019 08 11 13 23 02 2019 08 11 13 26 04 1
2019 08 12 11 24 07 2019 08 12 11 27 47 1
2019 08 12 11 27 47 2019 08 12 11 47 00 1
2019 08 12 11 25 00 2019 08 12 11 46 59 1
2019 08 16 11 28 00 2019 08 16 11 39 30 1
2019 08 16 13 23 54 2019 08 16 13 27 24 1
2019 08 16 16 03 14 2019 08 16 16 09 11 2
2019 08 17 11 57 07 2019 08 17 12 06 19 1
2019 08 17 17 29 12 2019 08 17 17 33 17 2
2019 08 18 12 30 00 2019 08 18 12 42 57 1
2019 08 18 18 28 02 2019 08 18 18 33 14 2
2019 08 22 13 19 23 2019 08 22 13 28 09 1
2019 08 22 14 26 19 2019 08 22 14 31 32 1
2019 08 22 16 57 26 2019 08 22 17 01 15 2
2019 08 23 11 20 21 2019 08 23 11 27 00 1
2019 08 23 11 29 00 2019 08 23 11 37 19 1
2019 08 23 12 06 07 2019 08 23 12 12 39 1
2019 08 25 11 26 29 2019 08 25 11 35 01 1
2019 08 25 12 28 06 2019 08 25 12 37 52 1
2019 08 25 18 33 43 2019 08 25 18 49 05 2
2019 09 03 11 24 19 2019 09 03 11 32 45 1
2019 09 03 12 08 11 2019 09 03 12 13 20 1
2019 09 03 12 48 44 2019 09 03 12 53 42 1
2019 09 04 11 36 14 2019 09 04 11 46 13 1
2019 09 09 13 32 33 2019 09 09 13 39 54 1
2019 09 09 19 27 26 2019 09 09 19 32 08 2
2019 09 17 14 05 06 2019 09 17 14 13 33 1
2019 09 17 15 18 31 2019 09 17 15 20 47 1
2019 09 17 19 13 45 2019 09 17 19 18 51 2
2019 09 17 19 43 49 2019 09 17 19 48 47 2
2019 09 21 11 30 50 2019 09 21 11 36 04 1
2019 09 21 13 00 52 2019 09 21 13 01 50 2
2019 09 21 13 03 34 2019 09 21 13 07 09 1
2019 09 21 17 59 24 2019 09 21 18 05 00 2
2019 09 22 11 49 09 2019 09 22 11 57 20 1
2019 09 22 12 46 10 2019 09 22 12 50 41 1
2019 09 22 15 29 45 2019 09 22 15 34 22 2
2019 09 22 17 38 56 2019 09 22 17 44 05 2
2019 09 24 11 37 32 2019 09 24 11 48 02 1
2019 09 24 13 10 26 2019 09 24 13 14 19 1
2019 09 24 17 20 00 2019 09 24 17 24 32 2
2019 09 25 11 40 16 2019 09 25 11 47 58 1
2019 09 25 12 39 12 2019 09 25 12 44 04 1
2019 09 25 16 53 33 2019 09 25 16 58 37 2
2019 09 27 11 56 24 2019 09 27 12 03 02 1
2019 09 27 17 23 21 2019 09 27 17 35 00 2
2019 09 28 11 41 30 2019 09 28 11 46 33 1
2019 09 28 13 18 30 2019 09 28 13 22 18 1
2019 09 28 18 57 30 2019 09 28 19 01 54 2
2019 09 30 11 30 27 2019 09 30 11 35 38 1
2019 09 30 12 40 14 2019 09 30 12 45 05 1
2019 09 30 17 12 10 2019 09 30 17 16 08 2
2019 10 01 11 41 14 2019 10 01 11 46 24 1
2019 10 01 12 56 22 2019 10 01 12 59 27 1
2019 10 01 17 28 57 2019 10 01 17 33 34 2
2019 10 02 12 54 48 2019 10 02 12 56 34 1
2019 10 02 15 58 41 2019 10 02 16 03 18 2
