2018 01 08 16 12 00 2018 01 08 16 24 00 1
2018 01 08 16 24 00 2018 01 08 16 34 00 1
2018 01 08 16 34 00 2018 01 08 16 44 00 1
2018 01 08 16 44 00 2018 01 08 16 55 00 1
2018 01 08 16 55 00 2018 01 08 17 08 00 1
2018 01 08 17 08 00 2018 01 08 17 18 00 2
2018 01 08 17 18 00 2018 01 08 17 28 00 2
2018 01 08 17 28 00 2018 01 08 17 38 00 2
2018 01 08 17 38 00 2018 01 08 17 45 00 2
2018 01 08 19 17 00 2018 01 08 19 27 00 1
2018 01 08 19 27 00 2018 01 08 19 35 00 1
2018 01 08 19 35 00 2018 01 08 19 51 00 1
2018 01 08 19 51 00 2018 01 08 20 01 00 1
2018 01 08 20 01 00 2018 01 08 20 15 00 1
2018 01 08 20 15 00 2018 01 08 20 25 00 2
2018 01 08 20 25 00 2018 01 08 20 35 00 2
2018 01 08 20 35 00 2018 01 08 20 47 00 2
2018 01 10 20 50 00 2018 01 10 21 04 00 1
2018 01 10 21 04 00 2018 01 10 21 15 00 1
2018 01 10 21 15 00 2018 01 10 21 30 00 1
2018 01 10 21 30 00 2018 01 10 21 43 00 1
2018 01 10 21 50 00 2018 01 10 22 05 00 1
2018 01 10 22 05 00 2018 01 10 22 22 00 1
2018 01 15 22 02 00 2018 01 15 22 15 00 1
2018 01 15 22 15 00 2018 01 15 22 31 00 1
2018 01 16 03 21 30 2018 01 16 03 27 00 1
2018 01 19 06 51 30 2018 01 19 07 02 00 1
2018 01 22 19 40 30 2018 01 22 19 50 00 1
2018 01 22 19 50 30 2018 01 22 20 02 00 1
2018 01 22 20 35 30 2018 01 22 20 49 00 1
2018 01 23 03 26 30 2018 01 23 03 31 00 1
2018 01 24 05 54 30 2018 01 24 06 01 00 1
2018 01 26 05 02 30 2018 01 26 05 08 00 1
2018 01 28 21 39 30 2018 01 28 21 42 00 1
2018 01 29 04 39 30 2018 01 29 04 44 30 1
2018 01 30 23 47 00 2018 01 31 00 00 00 1
2018 01 31 00 00 00 2018 01 31 00 15 00 1
2018 01 31 00 15 00 2018 01 31 00 30 00 1
2018 01 31 00 30 00 2018 01 31 00 40 00 1
2018 01 31 00 40 00 2018 01 31 00 48 00 1
2018 01 31 07 30 30 2018 01 31 07 35 00 1
2018 02 03 21 43 50 2018 02 03 21 49 00 1
2018 02 04 21 28 00 2018 02 04 21 37 30 1
2018 02 04 22 42 00 2018 02 04 22 56 00 1
2018 02 07 19 31 00 2018 02 07 19 40 00 1
2018 02 07 22 22 30 2018 02 07 22 25 00 2
2018 02 16 23 38 55 2018 02 16 23 43 00 1
2018 02 17 00 07 50 2018 02 17 00 17 00 1
2018 02 17 01 27 30 2018 02 17 01 32 05 1
2018 02 17 06 08 30 2018 02 17 06 17 00 2
2018 02 17 23 28 30 2018 02 17 23 38 00 1
2018 02 17 23 38 00 2018 02 17 23 48 00 1
2018 02 18 05 32 50 2018 02 18 05 36 30 2
2018 02 18 06 54 40 2018 02 18 07 00 01 2
2018 02 19 22 14 55 2018 02 19 22 20 00 1
2018 02 19 22 53 50 2018 02 19 22 59 00 1
2018 02 20 06 14 55 2018 02 20 06 22 00 1
2018 02 21 22 22 30 2018 02 21 22 31 00 1
2018 02 21 22 31 00 2018 02 21 22 41 00 1
2018 02 24 01 03 50 2018 02 24 01 08 00 1
2018 02 24 01 51 00 2018 02 24 01 56 30 1
