2021 5 25 18 7 5 2021 5 25 18 34 4 1
2021 5 27 18 0 9 2021 5 27 18 6 8 1
2021 5 29 14 34 51 2021 5 29 14 40 31 1
2021 5 29 15 39 25 2021 5 29 15 47 57 1
2021 5 29 18 2 33 2021 5 29 18 8 6 1
2021 5 29 19 33 16 2021 5 29 19 39 8 1
2021 6 1 16 25 48 2021 6 1 16 30 28 1
2021 6 1 16 30 56 2021 6 1 16 39 37 1
2021 6 2 19 50 22 2021 6 2 19 55 40 1
2021 6 2 22 50 50 2021 6 2 22 51 22 1
2021 6 3 0 5 8 2021 6 3 0 5 18 1
2021 6 3 0 22 44 2021 6 3 0 23 8 1
2021 6 3 0 48 27 2021 6 3 0 53 19 1
2021 6 3 0 54 0 2021 6 3 0 56 48 1
2021 6 3 1 5 33 2021 6 3 1 5 52 1
2021 6 5 13 47 4 2021 6 5 13 49 5 1
2021 6 5 14 24 33 2021 6 5 14 27 16 1
2021 6 5 14 57 4 2021 6 5 14 59 5 1
2021 6 5 17 14 37 2021 6 5 17 14 52 1
2021 6 5 17 15 35 2021 6 5 17 18 21 1
2021 6 5 21 18 12 2021 6 5 21 18 23 1
2021 6 5 21 18 43 2021 6 5 21 18 55 1
2021 6 5 21 19 6 2021 6 5 21 20 48 1
2021 6 5 21 21 3 2021 6 5 21 21 15 1
2021 6 5 21 24 18 2021 6 5 21 25 12 1
2021 6 5 21 36 35 2021 6 5 21 36 49 1
2021 6 5 21 42 1 2021 6 5 21 42 20 1
2021 6 5 21 56 47 2021 6 5 21 56 60 1
2021 6 5 21 57 1 2021 6 5 21 59 23 1
2021 6 9 19 33 38 2021 6 9 19 44 11 1
2021 6 9 19 51 14 2021 6 9 19 58 58 1
2021 6 9 21 2 26 2021 6 9 21 8 44 1
2021 6 9 22 39 11 2021 6 9 22 40 36 1
2021 6 9 22 45 10 2021 6 9 22 55 49 1
2021 6 9 23 19 2 2021 6 9 23 24 34 1
2021 6 11 17 5 39 2021 6 11 17 15 26 1
2021 6 11 21 18 23 2021 6 11 21 23 51 1
2021 6 17 17 49 30 2021 6 17 17 54 39 1
2021 6 17 19 19 42 2021 6 17 19 24 48 1
2021 6 17 21 42 0 2021 6 17 21 45 12 1
2021 6 20 18 43 0 2021 6 20 18 48 58 1
2021 6 20 19 15 52 2021 6 20 19 21 8 1
2021 6 20 21 14 42 2021 6 20 21 19 51 1
2021 6 21 0 15 39 2021 6 21 0 20 53 1
2021 6 21 2 49 17 2021 6 21 2 54 37 1
2021 6 24 19 47 46 2021 6 24 19 50 29 1
2021 6 25 18 27 16 2021 6 25 18 34 44 1
2021 6 25 18 45 16 2021 6 25 18 46 54 1
2021 6 25 18 47 30 2021 6 25 18 51 32 1
2021 6 25 19 15 3 2021 6 25 19 20 6 1
2021 6 25 19 37 35 2021 6 25 19 38 51 1
2021 6 25 21 19 54 2021 6 25 21 21 34 1
2021 6 25 22 15 22 2021 6 25 22 20 24 1
2021 6 25 22 44 48 2021 6 25 22 49 21 1
