    -34.370    -56.586      4.371   -999.900   -999.900    -60.957      0.000    -34.370    -34.370    -57.579      4.371   -999.900   -999.900
    -39.370    -59.550     -0.226   -999.900   -999.900    -59.324      0.000    -39.370    -39.370    -61.801     -0.226   -999.900   -999.900
    -44.370    -60.950     -5.158   -999.900   -999.900    -55.792      0.000    -44.370    -44.370    -64.500     -5.158   -999.900   -999.900
    -49.370    -61.345    -10.191   -999.900   -999.900    -51.154      0.000    -49.370    -49.370    -65.452    -10.191   -999.900   -999.900
    -54.370    -62.176    -15.188   -999.900   -999.900    -46.988      0.000    -54.370    -54.370    -68.035    -15.188   -999.900   -999.900
    -59.370    -61.489    -20.144   -999.900   -999.900    -41.345      0.000    -59.370    -59.370    -65.833    -20.144   -999.900   -999.900
    -64.370    -61.229    -24.744   -999.900   -999.900    -36.485      0.000    -64.370    -64.370    -65.159    -24.744   -999.900   -999.900
    -69.370    -62.224    -29.775   -999.900   -999.900    -32.449      0.000    -69.370    -69.370    -68.223    -29.776   -999.900   -999.900
    -74.370    -62.479    -35.043   -999.900   -999.900    -27.436      0.000    -74.370    -74.370    -69.342    -35.047   -999.900   -999.900
    -79.370    -62.590    -40.229   -999.900   -999.900    -22.361      0.000    -79.370    -79.370    -69.909    -40.242   -999.900   -999.900
    -84.370    -62.899    -45.084   -999.900   -999.900    -17.815      0.000    -84.370    -84.370    -71.919    -45.124   -999.900   -999.900
    -89.370    -62.916    -49.796   -999.900   -999.900    -13.120      0.000    -89.370    -89.370    -72.057    -49.916   -999.900   -999.900
    -94.370    -63.135    -54.337   -999.900   -999.900     -8.798      0.000    -94.370    -94.370    -74.300    -54.688   -999.900   -999.900
    -99.370    -63.158    -58.423   -999.900   -999.900     -4.735      0.000    -99.370    -99.370    -74.611    -59.385   -999.900   -999.900
   -104.370    -63.014    -61.897   -999.900   -999.900     -1.117      0.000   -104.370   -104.370    -72.935    -64.433   -999.900   -999.900
   -109.370    -63.211    -63.871   -999.900   -999.900      0.660      0.000   -109.370   -109.370    -75.418    -69.055   -999.900   -999.900
   -114.370    -63.209    -65.137   -999.900   -999.900      1.928      0.000   -114.370   -114.370    -75.385    -76.860   -999.900   -999.900
   -119.370    -63.157    -65.338   -999.900   -999.900      2.181      0.000   -119.370   -119.370    -74.597    -81.709   -999.900   -999.900
   -124.370    -63.478    -65.464   -999.900   -999.900      1.986      0.000   -124.370   -124.370    -95.931    -81.709   -999.900   -999.900
   -129.370    -63.688    -65.568   -999.900   -999.900      1.880      0.000   -129.370   -129.370    -95.931    -81.709   -999.900   -999.900
   -134.370    -63.689    -65.588   -999.900   -999.900      1.899      0.000   -134.370   -134.370    -95.931    -81.709   -999.900   -999.900
   -139.370    -63.698    -65.559   -999.900   -999.900      1.861      0.000   -139.370   -139.370    -95.931    -81.709   -999.900   -999.900
