      5.000      4.649    -66.292   -999.900   -999.900     70.941      0.000      5.000      5.000      4.649    -76.941   -999.900   -999.900
      0.000     -0.356    -66.562   -999.900   -999.900     66.206      0.000      0.000      0.000     -0.356    -82.135   -999.900   -999.900
     -5.000     -5.215    -66.640   -999.900   -999.900     61.425      0.000     -5.000     -5.000     -5.215    -86.686   -999.900   -999.900
    -10.000    -10.294    -66.675   -999.900   -999.900     56.381      0.000    -10.000    -10.000    -10.294    -93.542   -999.900   -999.900
    -15.000    -15.289    -66.677   -999.900   -999.900     51.388      0.000    -15.000    -15.000    -15.289    -94.952   -999.900   -999.900
    -20.000    -20.289    -66.681   -999.900   -999.900     46.392      0.000    -20.000    -20.000    -20.289    -99.534   -999.900   -999.900
    -25.000    -25.287    -66.683   -999.900   -999.900     41.396      0.000    -25.000    -25.000    -25.287   -103.249   -999.900   -999.900
    -30.000    -30.282    -66.680   -999.900   -999.900     36.397      0.000    -30.000    -30.000    -30.282    -97.343   -999.900   -999.900
    -35.000    -35.277    -66.686   -999.900   -999.900     31.409      0.000    -35.000    -35.000    -35.277    -97.343   -999.900   -999.900
    -40.000    -40.278    -66.683   -999.900   -999.900     26.405      0.000    -40.000    -40.000    -40.279    -97.343   -999.900   -999.900
    -45.000    -45.282    -66.687   -999.900   -999.900     21.405      0.000    -45.000    -45.000    -45.283    -97.343   -999.900   -999.900
    -50.000    -50.282    -66.688   -999.900   -999.900     16.405      0.000    -50.000    -50.000    -50.286    -97.343   -999.900   -999.900
    -55.000    -55.279    -66.682   -999.900   -999.900     11.404      0.000    -55.000    -55.000    -55.292    -97.343   -999.900   -999.900
    -60.000    -60.220    -66.685   -999.900   -999.900      6.465      0.000    -60.000    -60.000    -60.259    -97.343   -999.900   -999.900
    -65.000    -65.174    -66.684   -999.900   -999.900      1.510      0.000    -65.000    -65.000    -65.299    -97.343   -999.900   -999.900
    -70.000    -69.946    -66.682   -999.900   -999.900     -3.264      0.000    -70.000    -70.000    -70.334    -97.343   -999.900   -999.900
    -75.000    -74.214    -66.684   -999.900   -999.900     -7.530      0.000    -75.000    -75.000    -75.339    -97.343   -999.900   -999.900
    -80.000    -77.469    -66.686   -999.900   -999.900    -10.783      0.000    -80.000    -80.000    -80.334    -97.343   -999.900   -999.900
    -85.000    -79.329    -66.680   -999.900   -999.900    -12.649      0.000    -85.000    -85.000    -85.202    -97.343   -999.900   -999.900
    -90.000    -80.142    -66.687   -999.900   -999.900    -13.455      0.000    -90.000    -90.000    -89.888    -97.343   -999.900   -999.900
    -95.000    -80.446    -66.682   -999.900   -999.900    -13.763      0.000    -95.000    -95.000    -94.277    -97.343   -999.900   -999.900
   -100.000    -80.506    -66.683   -999.900   -999.900    -13.822      0.000   -100.000   -100.000    -96.034    -97.343   -999.900   -999.900
   -105.000    -80.578    -66.686   -999.900   -999.900    -13.892      0.000   -105.000   -105.000    -99.858    -97.343   -999.900   -999.900
   -110.000    -80.587    -66.681   -999.900   -999.900    -13.906      0.000   -110.000   -110.000   -100.734    -97.343   -999.900   -999.900
   -115.000    -80.629    -66.684   -999.900   -999.900    -13.946      0.000   -115.000   -115.000   -100.734    -97.343   -999.900   -999.900
