    -34.770      5.657      4.981   -999.900   -999.900      0.676      0.000    -34.770    -34.770      5.657      4.981   -999.900   -999.900
    -39.770      1.317      0.471   -999.900   -999.900      0.846      0.000    -39.770    -39.770      1.317      0.471   -999.900   -999.900
    -44.770     -3.557     -4.483   -999.900   -999.900      0.926      0.000    -44.770    -44.770     -3.557     -4.483   -999.900   -999.900
    -49.770     -8.428     -9.474   -999.900   -999.900      1.046      0.000    -49.770    -49.770     -8.428     -9.474   -999.900   -999.900
    -54.770    -13.211    -14.388   -999.900   -999.900      1.177      0.000    -54.770    -54.770    -13.211    -14.388   -999.900   -999.900
    -59.770    -18.088    -19.090   -999.900   -999.900      1.002      0.000    -59.770    -59.770    -18.088    -19.090   -999.900   -999.900
    -64.770    -23.086    -23.951   -999.900   -999.900      0.865      0.000    -64.770    -64.770    -23.086    -23.951   -999.900   -999.900
    -69.770    -27.933    -29.068   -999.900   -999.900      1.135      0.000    -69.770    -69.770    -27.934    -29.069   -999.900   -999.900
    -74.770    -32.788    -34.312   -999.900   -999.900      1.524      0.000    -74.770    -74.770    -32.792    -34.317   -999.900   -999.900
    -80.600    -38.985    -40.833   -999.900   -999.900      1.848      0.000    -80.600    -80.600    -39.003    -40.855   -999.900   -999.900
    -85.600    -43.732    -45.500   -999.900   -999.900      1.768      0.000    -85.600    -85.600    -43.785    -45.564   -999.900   -999.900
    -90.600    -48.540    -49.954   -999.900   -999.900      1.414      0.000    -90.600    -90.600    -48.703    -50.134   -999.900   -999.900
    -95.600    -52.981    -54.410   -999.900   -999.900      1.429      0.000    -95.600    -95.600    -53.450    -54.931   -999.900   -999.900
   -100.600    -56.991    -58.559   -999.900   -999.900      1.568      0.000   -100.600   -100.600    -58.286    -60.069   -999.900   -999.900
   -105.600    -60.072    -61.399   -999.900   -999.900      1.327      0.000   -105.600   -105.600    -63.296    -65.013   -999.900   -999.900
   -110.600    -61.882    -63.188   -999.900   -999.900      1.306      0.000   -110.600   -110.600    -68.764    -71.510   -999.900   -999.900
   -115.600    -62.184    -63.645   -999.900   -999.900      1.461      0.000   -115.600   -115.600    -70.488    -76.441   -999.900   -999.900
   -120.600    -63.144    -63.967   -999.900   -999.900      0.823      0.000   -120.600   -120.600    -70.488    -76.441   -999.900   -999.900
   -125.600    -63.139    -63.969   -999.900   -999.900      0.830      0.000   -125.600   -125.600    -70.488    -76.441   -999.900   -999.900
   -130.600    -63.128    -63.945   -999.900   -999.900      0.817      0.000   -130.600   -130.600    -70.488    -76.441   -999.900   -999.900
