      5.000      4.840      4.906   -999.900   -999.900     -0.066      0.000      5.000      5.000      4.840      4.906   -999.900   -999.900
      0.000     -0.102     -0.034   -999.900   -999.900     -0.068      0.000      0.000      0.000     -0.102     -0.034   -999.900   -999.900
     -5.000     -5.119     -5.052   -999.900   -999.900     -0.067      0.000     -5.000     -5.000     -5.119     -5.052   -999.900   -999.900
    -10.000    -10.100    -10.029   -999.900   -999.900     -0.071      0.000    -10.000    -10.000    -10.100    -10.029   -999.900   -999.900
    -15.000    -15.123    -15.078   -999.900   -999.900     -0.045      0.000    -15.000    -15.000    -15.123    -15.078   -999.900   -999.900
    -20.000    -20.142    -20.125   -999.900   -999.900     -0.017      0.000    -20.000    -20.000    -20.142    -20.125   -999.900   -999.900
    -25.000    -25.195    -25.219   -999.900   -999.900      0.024      0.000    -25.000    -25.000    -25.195    -25.219   -999.900   -999.900
    -30.000    -30.263    -30.381   -999.900   -999.900      0.118      0.000    -30.000    -30.000    -30.263    -30.381   -999.900   -999.900
    -35.000    -35.358    -35.651   -999.900   -999.900      0.293      0.000    -35.000    -35.000    -35.360    -35.652   -999.900   -999.900
    -40.000    -40.243    -41.042   -999.900   -999.900      0.799      0.000    -40.000    -40.000    -40.248    -41.046   -999.900   -999.900
    -45.000    -45.104    -45.799   -999.900   -999.900      0.695      0.000    -45.000    -45.000    -45.118    -45.812   -999.900   -999.900
    -50.000    -49.831    -49.917   -999.900   -999.900      0.086      0.000    -50.000    -50.000    -49.874    -49.949   -999.900   -999.900
    -55.000    -54.849    -55.069   -999.900   -999.900      0.220      0.000    -55.000    -55.000    -54.986    -55.176   -999.900   -999.900
    -60.000    -59.682    -60.147   -999.900   -999.900      0.465      0.000    -60.000    -60.000    -60.112    -60.502   -999.900   -999.900
    -65.000    -64.138    -64.835   -999.900   -999.900      0.697      0.000    -65.000    -65.000    -65.464    -65.975   -999.900   -999.900
    -70.000    -67.691    -68.658   -999.900   -999.900      0.967      0.000    -70.000    -70.000    -71.630    -72.191   -999.900   -999.900
    -75.000    -69.928    -71.187   -999.900   -999.900      1.259      0.000    -75.000    -75.000    -96.956    -95.775   -999.900   -999.900
    -80.000    -69.926    -71.174   -999.900   -999.900      1.248      0.000    -80.000    -80.000    -96.049    -93.075   -999.900   -999.900
    -85.000    -70.243    -71.577   -999.900   -999.900      1.334      0.000    -85.000    -85.000    -96.049    -93.075   -999.900   -999.900
    -90.000    -71.530    -73.150   -999.900   -999.900      1.620      0.000    -90.000    -90.000    -96.049    -93.075   -999.900   -999.900
    -95.000    -71.525    -73.156   -999.900   -999.900      1.631      0.000    -95.000    -95.000    -96.049    -93.075   -999.900   -999.900
